<?xml version="1.0" encoding="UTF-8"?>
<points>
  <point>-0.2514867,0.9678978,0,-0.9678978,-0.2514867,0,0,0,1,505.0797,721.418,33.72392</point>
  <point>-0.4207059,0.9072368,0,-0.9072368,-0.4207059,0,0,0,1,505.5392,719.8796,33.71247</point>
  <point>-0.6474527,0.7621531,0,-0.7621531,-0.6474527,0,0,0,1,506.3024,718.6775,33.71556</point>
  <point>-0.7133335,0.7008764,0,-0.7008764,-0.7133335,0,0,0,1,507.4716,717.5311,33.70919</point>
  <point>-0.859488,0.5112267,0,-0.5112267,-0.859488,0,0,0,1,508.7068,716.9063,33.71247</point>
  <point>-0.9984354,0.05656175,0,-0.05656175,-0.9984354,0,0,0,1,510.1701,716.5013,33.71247</point>
  <point>-0.9832633,-0.1823902,0,0.1823902,-0.9832633,0,0,0,1,511.5547,716.5089,33.71247</point>
  <point>-0.8711066,-0.4911684,0,0.4911684,-0.8711066,0,0,0,1,513.0558,716.7695,33.71247</point>
  <point>-0.9893113,0.1460709,0,-0.1460709,-0.9893113,0,0,0,1,510.4668,716.5006,27.94171</point>
  <point>-0.7734408,0.633927,0,-0.633927,-0.7734408,0,0,0,1,506.6516,717.8104,23.22715</point>
  <point>-0.9984392,0.05656181,0,-0.05656181,-0.9984392,0,0,0,1,495.517,698.2833,23.61398</point>
  <point>-0.06733795,-0.9977686,0,0.9977686,-0.06733795,0,0,0,1,493.6051,697.7415,23.59376</point>
  <point>-0.06733795,-0.9977686,0,0.9977686,-0.06733795,0,0,0,1,493.5548,696.5286,23.59345</point>
  <point>-0.06733795,-0.9977686,0,0.9977686,-0.06733795,0,0,0,1,493.4096,694.8864,23.59382</point>
  <point>-0.06733795,-0.9977686,0,0.9977686,-0.06733795,0,0,0,1,493.2218,693.2719,23.5947</point>
  <point>0.9969841,-0.07810624,0,0.07810624,0.9969841,0,0,0,1,495.1203,692.6274,23.61131</point>
  <point>0.9568403,0.2907547,0,-0.2907547,0.9568403,0,0,0,1,499.6593,718.6062,23.04525</point>
  <point>0.9568403,0.2907547,0,-0.2907547,0.9568403,0,0,0,1,497.9345,717.8816,23.04525</point>
  <point>0.9568403,0.2907547,0,-0.2907547,0.9568403,0,0,0,1,495.8995,717.149,23.04525</point>
  <point>-0.9185112,-0.3955016,0,0.3955016,-0.9185112,0,0,0,1,504.0748,718.2241,23.04525</point>
  <point>-0.9185112,-0.3955016,0,0.3955016,-0.9185112,0,0,0,1,502.6967,717.7049,23.04525</point>
  <point>-0.9185112,-0.3955016,0,0.3955016,-0.9185112,0,0,0,1,501.0352,716.9709,23.04525</point>
  <point>-0.9185112,-0.3955016,0,0.3955016,-0.9185112,0,0,0,1,499.5374,716.3814,23.04525</point>
  <point>-0.9185112,-0.3955016,0,0.3955016,-0.9185112,0,0,0,1,497.7117,715.561,23.04525</point>
  <point>-0.4594843,0.8882343,0,-0.8882343,-0.4594843,0,0,0,1,560.394,688.7906,25.86103</point>
  <point>-0.4594843,0.8882343,0,-0.8882343,-0.4594843,0,0,0,1,561.6813,687.213,26.06891</point>
  <point>-0.4594843,0.8882343,0,-0.8882343,-0.4594843,0,0,0,1,563.0865,685.5556,26.79745</point>
  <point>-0.4594843,0.8882343,0,-0.8882343,-0.4594843,0,0,0,1,564.9969,683.6814,26.97531</point>
  <point>-0.587061,0.8095961,0,-0.8095961,-0.587061,0,0,0,1,503.3478,716.3202,17.79477</point>
  <point>-0.587061,0.8095961,0,-0.8095961,-0.587061,0,0,0,1,504.3792,715.0786,17.79477</point>
  <point>-0.6574503,0.7535552,0,-0.7535552,-0.6574503,0,0,0,1,505.5613,713.9136,17.71328</point>
  <point>-0.7429322,0.6694313,0,-0.6694313,-0.7429322,0,0,0,1,506.8334,713.1202,17.5397</point>
  <point>-0.8177287,0.5756791,0,-0.5756791,-0.8177287,0,0,0,1,508.0714,712.3448,17.5397</point>
  <point>0.7051618,0.7091089,0,-0.7091089,0.7051618,0,0,0,1,510.4472,681.7899,16.94272</point>
  <point>0.7051618,0.7091089,0,-0.7091089,0.7051618,0,0,0,1,508.6576,684.7702,16.90309</point>
  <point>0.7051618,0.7091089,0,-0.7091089,0.7051618,0,0,0,1,510.2278,685.7885,16.92163</point>
  <point>0.7051618,0.7091089,0,-0.7091089,0.7051618,0,0,0,1,511.6384,686.9057,16.81566</point>
  <point>0.7051618,0.7091089,0,-0.7091089,0.7051618,0,0,0,1,512.7223,687.8836,16.74674</point>
  <point>0.7051619,0.7091089,0,-0.7091089,0.7051619,0,0,0,1,514.4261,688.5943,16.46411</point>
  <point>0.7051619,0.7091089,0,-0.7091089,0.7051619,0,0,0,1,511.4332,683.2862,16.68666</point>
  <point>0.7051619,0.7091089,0,-0.7091089,0.7051619,0,0,0,1,512.5658,684.6344,16.68254</point>
  <point>0.7051619,0.7091089,0,-0.7091089,0.7051619,0,0,0,1,514.1057,685.4056,16.70835</point>
  <point>0.7051619,0.7091089,0,-0.7091089,0.7051619,0,0,0,1,515.1204,686.3458,16.58491</point>
  <point>0.7051619,0.7091089,0,-0.7091089,0.7051619,0,0,0,1,517.5139,686.7427,16.20795</point>
  <point>-0.6110826,0.7916236,0,-0.7916236,-0.6110826,0,0,0,1,516.2308,709.7003,19.55081</point>
  <point>-0.6110826,0.7916236,0,-0.7916236,-0.6110826,0,0,0,1,518.488,703.9703,19.70733</point>
  <point>-0.5870627,0.8095972,0,-0.8095972,-0.5870627,0,0,0,1,521.0298,703.1718,19.8251</point>
  <point>-0.5870627,0.8095972,0,-0.8095972,-0.5870627,0,0,0,1,522.697,702.2402,19.81893</point>
  <point>-0.6797595,0.7334965,0,-0.7334965,-0.6797595,0,0,0,1,523.8498,700.9918,19.64261</point>
  <point>-0.6797595,0.7334965,0,-0.7334965,-0.6797595,0,0,0,1,526.0662,700.4584,19.48187</point>
  <point>0.7464146,0.6655498,0,-0.6655498,0.7464146,0,0,0,1,551.257,638.9619,60.32924</point>
  <point>0.9218067,0.387768,0,-0.387768,0.9218067,0,0,0,1,552.7885,640.513,60.32924</point>
  <point>0.9967012,-0.08172292,0,0.08172292,0.9967012,0,0,0,1,555.1154,641.0122,60.32924</point>
  <point>0.9040208,-0.4275964,0,0.4275964,0.9040208,0,0,0,1,557.8527,640.4682,60.32924</point>
  <point>-0.02739118,0.9996718,0,-0.9996718,-0.02739118,0,0,0,1,575.507,679.3665,32.07071</point>
  <point>-0.4859235,0.8740553,0,-0.8740553,-0.4859235,0,0,0,1,607.3868,669.8619,49.12978</point>
  <point>-0.4859235,0.8740553,0,-0.8740553,-0.4859235,0,0,0,1,605.4022,672.5361,49.13164</point>
  <point>-0.4859235,0.8740553,0,-0.8740553,-0.4859235,0,0,0,1,603.8101,675.5546,49.13783</point>
  <point>-0.4859235,0.8740553,0,-0.8740553,-0.4859235,0,0,0,1,602.0037,678.3006,49.14453</point>
  <point>-0.4859235,0.8740553,0,-0.8740553,-0.4859235,0,0,0,1,600.0795,681.0767,49.1516</point>
  <point>-0.4859235,0.8740553,0,-0.8740553,-0.4859235,0,0,0,1,598.2618,683.9087,49.15838</point>
  <point>-0.7817409,0.623679,0,-0.623679,-0.7817409,0,0,0,1,587.3461,688.9837,51.30624</point>
  <point>-0.9197741,0.3925689,0,-0.3925689,-0.9197741,0,0,0,1,589.6645,687.5504,51.30624</point>
  <point>0.1353795,0.990794,0,-0.990794,0.1353795,0,0,0,1,489.9471,678.4233,22.68165</point>
  <point>0.9986737,-0.05179138,0,0.05179138,0.9986737,0,0,0,1,492.2439,705.8873,29.91735</point>
  <point>0.9341258,-0.35695,0,0.35695,0.9341258,0,0,0,1,465.6878,656.9273,22.01012</point>
  <point>-0.1634675,0.9865569,0,-0.9865569,-0.1634675,0,0,0,1,456.764,645.9723,35.76947</point>
  <point>0.748504,-0.6631402,0,0.6631402,0.748504,0,0,0,1,442.3123,629.5231,30.90565</point>
  <point>0.748504,-0.6631402,0,0.6631402,0.748504,0,0,0,1,443.7578,627.6448,35.44227</point>
  <point>0.7463945,0.6655271,0,-0.6655271,0.7463945,0,0,0,1,489.6654,705.0621,29.89306</point>
  <point>0.3105767,0.9505571,0,-0.9505571,0.3105767,0,0,0,1,456.8638,648.9015,35.77189</point>
  <point>-0.5828273,0.8125961,0,-0.8125961,-0.5828273,0,0,0,1,456.241,755.061,27.65565</point>
  <point>0.9329963,0.3599294,0,-0.3599294,0.9329963,0,0,0,1,490.4961,705.7139,29.89309</point>
  <point>0.748504,-0.6631402,0,0.6631402,0.748504,0,0,0,1,442.5552,628.5255,35.43915</point>
  <point>0.08369814,0.9964912,0,-0.9964912,0.08369814,0,0,0,1,483.96,689.691,23.38489</point>
  <point>0.08369814,0.9964912,0,-0.9964912,0.08369814,0,0,0,1,484.789,702.371,23.38489</point>
  <point>0.5445079,-0.8387676,0,0.8387676,0.5445079,0,0,0,1,467.7613,650.8417,35.76947</point>
  <point>0.748504,-0.6631402,0,0.6631402,0.748504,0,0,0,1,445.5297,626.3041,35.4637</point>
  <point>0.5528636,0.8332726,0,-0.8332726,0.5528636,0,0,0,1,485.0129,667.1014,22.62247</point>
  <point>0.5428244,0.8398463,0,-0.8398463,0.5428244,0,0,0,1,477.4,660.912,23.92508</point>
  <point>0.3855465,-0.9226994,0,0.9226994,0.3855465,0,0,0,1,468.3898,649.7844,35.76947</point>
  <point>0.8445895,0.5354161,0,-0.5354161,0.8445895,0,0,0,1,475.8953,654.0308,24.04622</point>
  <point>0.5528646,0.8332741,0,-0.8332741,0.5528646,0,0,0,1,454.381,652.9201,22.06117</point>
  <point>0.9956787,-0.092866,0,0.092866,0.9956787,0,0,0,1,463.841,653.302,29.99417</point>
  <point>0.04578132,0.9989597,0,-0.9989597,0.04578132,0,0,0,1,456.776,647.8185,35.76947</point>
  <point>-0.4859056,0.8740305,0,-0.8740305,-0.4859056,0,0,0,1,486.2371,712.9437,23.32688</point>
  <point>-0.4053824,0.9141654,0,-0.9141654,-0.4053824,0,0,0,1,488.6437,708.2579,23.27046</point>
  <point>0.9476594,0.3193111,0,-0.3193111,0.9476594,0,0,0,1,461.0116,653.0007,35.76947</point>
  <point>0.7144276,0.6997217,0,-0.6997217,0.7144276,0,0,0,1,458.3686,651.4708,35.78172</point>
  <point>0.8392001,-0.5438403,0,0.5438403,0.8392001,0,0,0,1,465.4428,652.7521,35.76947</point>
  <point>0.9880206,-0.154382,0,0.154382,0.9880206,0,0,0,1,463.9379,653.2617,35.76947</point>
  <point>0.5528684,0.8332789,0,-0.8332789,0.5528684,0,0,0,1,457.708,650.4337,35.76947</point>
  <point>0.9937711,-0.1115827,0,0.1115827,0.9937711,0,0,0,1,493.7103,705.8142,29.93054</point>
  <point>-0.9982948,0.05837429,0,-0.05837429,-0.9982948,0,0,0,1,497.6568,684.7518,23.79104</point>
  <point>0.8893009,0.457342,0,-0.457342,0.8893009,0,0,0,1,459.8536,652.4686,35.76947</point>
  <point>0.9999966,-0.005000539,0,0.005000539,0.9999966,0,0,0,1,462.6509,653.2928,35.76947</point>
  <point>-0.7626594,0.6468322,0,-0.6468322,-0.7626594,0,0,0,1,473.8323,725.8682,21.69572</point>
  <point>-0.8346084,0.550881,0,-0.550881,-0.8346084,0,0,0,1,476.3578,723.8544,21.696</point>
  <point>-0.8661364,0.499842,0,-0.499842,-0.8661364,0,0,0,1,483.9953,715.6957,28.15342</point>
  <point>0.7869242,-0.6170655,0,0.6170655,0.7869242,0,0,0,1,466.562,652.0639,35.76947</point>
  <point>0.6931118,0.720831,0,-0.720831,0.6931118,0,0,0,1,483.7646,665.5131,22.55918</point>
  <point>0.7744199,0.6326734,0,-0.6326734,0.7744199,0,0,0,1,477.3449,655.2529,23.80897</point>
  <point>-0.1468589,0.9891725,0,-0.9891725,-0.1468589,0,0,0,1,487.7347,687.6909,29.89351</point>
  <point>0.01779525,0.9998416,0,-0.9998416,0.01779525,0,0,0,1,486.787,689.346,17.75201</point>
  <point>0.1520208,0.9883925,0,-0.9883925,0.1520208,0,0,0,1,488.43,700.0115,29.90434</point>
  <point>0.6192572,0.7851882,0,-0.7851882,0.6192572,0,0,0,1,439.706,629.043,30.90884</point>
  <point>-0.8177036,0.5756647,0,-0.5756647,-0.8177036,0,0,0,1,489.1215,685.6042,29.89319</point>
  <point>0.5428244,0.8398463,0,-0.8398463,0.5428244,0,0,0,1,479.159,663.69,23.92547</point>
  <point>0.1520208,0.9883925,0,-0.9883925,0.1520208,0,0,0,1,487.7529,690.6128,29.89951</point>
  <point>0.1520208,0.9883925,0,-0.9883925,0.1520208,0,0,0,1,487.9716,693.7186,29.92373</point>
  <point>0.1520208,0.9883925,0,-0.9883925,0.1520208,0,0,0,1,488.2068,696.8154,29.92384</point>
  <point>0.6255229,0.7802132,0,-0.7802132,0.6255229,0,0,0,1,438.6531,626.6666,35.4467</point>
  <point>0.3105738,0.9505495,0,-0.9505495,0.3105738,0,0,0,1,489.5635,676.3181,22.68373</point>
  <point>-0.9911286,0.1330132,0,-0.1330132,-0.9911286,0,0,0,1,494.6342,684.9812,29.92458</point>
  <point>0.06257027,0.9980556,0,-0.9980556,0.06257027,0,0,0,1,487.6552,688.7877,29.8964</point>
  <point>0.6002362,0.7998228,0,-0.7998228,0.6002362,0,0,0,1,437.711,626.411,30.91268</point>
  <point>0.8463008,-0.5327293,0,0.5327293,0.8463008,0,0,0,1,480.2202,664.6433,28.51177</point>
  <point>0.08369814,0.9964912,0,-0.9964912,0.08369814,0,0,0,1,484.412,696.075,23.38489</point>
  <point>0.8463008,-0.5327293,0,0.5327293,0.8463008,0,0,0,1,481.6775,663.7739,28.52606</point>
  <point>-0.8661309,0.4998401,0,-0.4998401,-0.8661309,0,0,0,1,478.3802,658.3394,28.52521</point>
  <point>0.8463008,-0.5327293,0,0.5327293,0.8463008,0,0,0,1,482.8613,662.9661,28.53697</point>
  <point>0.1520208,0.9883925,0,-0.9883925,0.1520208,0,0,0,1,488.4895,701.1631,29.89911</point>
  <point>0.4641008,0.8858025,0,-0.8858025,0.4641008,0,0,0,1,479.2186,718.4977,28.15358</point>
  <point>0.9650937,0.2619094,0,-0.2619094,0.9650937,0,0,0,1,471.9052,651.8828,24.67966</point>
  <point>-0.9911286,0.1330132,0,-0.1330132,-0.9911286,0,0,0,1,492.3402,685.0513,29.96968</point>
  <point>0.01579318,0.9999108,0,-0.9999108,0.01579318,0,0,0,1,504.9148,722.8511,33.73008</point>
  <point>0.3389552,0.9408403,0,-0.9408403,0.3389552,0,0,0,1,505.141,724.3327,33.73372</point>
  <point>0.5276361,0.8495122,0,-0.8495122,0.5276361,0,0,0,1,505.6508,725.551,33.73381</point>
  <point>0.7144441,0.699743,0,-0.699743,0.7144441,0,0,0,1,506.703,726.9679,33.73045</point>
  <point>0.1650406,0.9863223,0,-0.9863223,0.1650406,0,0,0,1,501.2386,720.3326,23.29825</point>
  <point>0.1353811,0.9908289,0,-0.9908289,0.1353811,0,0,0,1,501.2923,721.68,23.29825</point>
  <point>0.1055998,0.9944439,0,-0.9944439,0.1055998,0,0,0,1,501.3582,722.9484,23.29825</point>
  <point>0.04577895,0.9989866,0,-0.9989866,0.04577895,0,0,0,1,501.6652,724.2019,23.11974</point>
  <point>0.4757462,0.8796224,0,-0.8796224,0.4757462,0,0,0,1,501.8765,725.413,23.27123</point>
  <point>0.6255383,0.7802384,0,-0.7802384,0.6255383,0,0,0,1,502.6401,726.6217,23.67168</point>
  <point>0.6931332,0.720858,0,-0.720858,0.6931332,0,0,0,1,503.4362,727.8047,24.07101</point>
  <point>0.5776262,0.816344,0,-0.816344,0.5776262,0,0,0,1,504.358,729.2149,24.54292</point>
  <point>0.8281752,0.5605308,0,-0.5605308,0.8281752,0,0,0,1,505.2597,730.2192,25.02756</point>
  <point>0.8602966,0.5098615,0,-0.5098615,0.8602966,0,0,0,1,506.5906,731.1794,25.4863</point>
  <point>0.9997202,0.0250019,0,-0.0250019,0.9997202,0,0,0,1,499.2978,705.4824,23.82755</point>
  <point>-0.9867102,0.1626825,0,-0.1626825,-0.9867102,0,0,0,1,485.0501,700.9852,23.38489</point>
  <point>0.99972,0.02500189,0,-0.02500189,0.99972,0,0,0,1,484.5015,690.9609,23.38489</point>
  <point>0.9986867,-0.05178966,0,0.05178966,0.9986867,0,0,0,1,485.8622,704.147,23.38489</point>
  <point>-0.960135,0.2796335,0,-0.2796335,-0.960135,0,0,0,1,459.6524,753.0082,22.98691</point>
  <point>-0.4859121,0.8740381,0,-0.8740381,-0.4859121,0,0,0,1,456.1397,755.9341,33.45148</point>
  <point>-0.7626644,0.6468351,0,-0.6468351,-0.7626644,0,0,0,1,457.2352,754.7249,33.45148</point>
  <point>-0.8346139,0.5508834,0,-0.5508834,-0.8346139,0,0,0,1,458.3687,753.9313,33.45148</point>
  <point>-0.9680899,0.2507082,0,-0.2507082,-0.9680899,0,0,0,1,460.018,753.3234,33.45148</point>
  <point>-0.9973333,0.07334092,0,-0.07334092,-0.9973333,0,0,0,1,461.0921,753.1157,33.45148</point>
  <point>-0.9970942,-0.07652225,0,0.07652225,-0.9970942,0,0,0,1,462.0282,753.8558,33.45148</point>
  <point>0.9097423,0.4152331,0,-0.4152331,0.9097423,0,0,0,1,466.8799,741.2108,22.59124</point>
  <point>0.9097423,0.4152331,0,-0.4152331,0.9097423,0,0,0,1,465.3391,740.6685,22.56815</point>
  <point>-0.2059127,0.978595,0,-0.978595,-0.2059127,0,0,0,1,472.2508,748.8284,19.085</point>
  <point>0.4373234,0.8993306,0,-0.8993306,0.4373234,0,0,0,1,472.3268,746.3898,19.07014</point>
  <point>0.4373234,0.8993306,0,-0.8993306,0.4373234,0,0,0,1,471.5682,744.7472,19.07014</point>
  <point>0.4373234,0.8993306,0,-0.8993306,0.4373234,0,0,0,1,470.8823,743.1784,19.07014</point>
  <point>0.002608774,1.00002,0,-1.00002,0.002608774,0,0,0,1,457.9231,751.3478,18.60452</point>
  <point>0.002608774,1.00002,0,-1.00002,0.002608774,0,0,0,1,458.117,750.2411,18.60599</point>
  <point>-0.2059126,0.9785941,0,-0.9785941,-0.2059126,0,0,0,1,459.1704,745.3768,18.59561</point>
  <point>-0.2059126,0.9785941,0,-0.9785941,-0.2059126,0,0,0,1,459.5038,743.978,18.55153</point>
  <point>-0.2059126,0.9785941,0,-0.9785941,-0.2059126,0,0,0,1,459.8755,742.2151,18.49808</point>
  <point>0.9330023,0.3599333,0,-0.3599333,0.9330023,0,0,0,1,463.4911,741.2094,22.54012</point>
  <point>0.9330023,0.3599333,0,-0.3599333,0.9330023,0,0,0,1,461.9539,740.5568,22.50931</point>
  <point>0.9330023,0.3599333,0,-0.3599333,0.9330023,0,0,0,1,460.6041,739.9315,22.52546</point>
  <point>-0.9062164,-0.4228649,0,0.4228649,-0.9062164,0,0,0,1,462.952,734.2385,22.46922</point>
  <point>-0.9062164,-0.4228649,0,0.4228649,-0.9062164,0,0,0,1,464.4475,734.6985,22.52345</point>
  <point>-0.5119068,0.8590652,0,-0.8590652,-0.5119068,0,0,0,1,467.8024,732.8829,21.664</point>
  <point>-0.5119068,0.8590652,0,-0.8590652,-0.5119068,0,0,0,1,468.7328,731.5029,21.68213</point>
  <point>-0.6797412,0.7334803,0,-0.7334803,-0.6797412,0,0,0,1,469.6274,730.3168,21.69501</point>
  <point>-0.6797412,0.7334803,0,-0.7334803,-0.6797412,0,0,0,1,470.7846,728.9382,21.70028</point>
  <point>-0.6797412,0.7334803,0,-0.7334803,-0.6797412,0,0,0,1,471.6386,727.9694,21.70048</point>
  <point>-0.7225004,0.6914004,0,-0.6914004,-0.7225004,0,0,0,1,472.7331,726.8809,21.69201</point>
  <point>0.8592472,0.5115606,0,-0.5115606,0.8592472,0,0,0,1,459.862,652.949,25.28828</point>
  <point>0.1353795,0.990794,0,-0.990794,0.1353795,0,0,0,1,490.45,681.608,22.63936</point>
  <point>0.03079133,0.9995258,0,-0.9995258,0.03079133,0,0,0,1,487.763,702.382,17.74687</point>
  <point>-0.07413553,0.9972559,0,-0.9972559,-0.07413553,0,0,0,1,456.6235,646.1768,25.28401</point>
  <point>0.1520208,0.9883925,0,-0.9883925,0.1520208,0,0,0,1,487.7692,691.8029,29.90741</point>
  <point>0.2692503,0.9630861,0,-0.9630861,0.2692503,0,0,0,1,488.9466,704.1332,29.89331</point>
  <point>0.9937711,-0.1115827,0,0.1115827,0.9937711,0,0,0,1,495.6398,705.5897,29.90887</point>
  <point>0.1520208,0.9883925,0,-0.9883925,0.1520208,0,0,0,1,488.0515,694.8847,29.92132</point>
  <point>-0.5005271,0.86573,0,-0.86573,-0.5005271,0,0,0,1,458.1568,644.3128,35.76947</point>
  <point>0.1353795,0.990794,0,-0.990794,0.1353795,0,0,0,1,490.193,679.735,22.66221</point>
  <point>-0.5005271,0.86573,0,-0.86573,-0.5005271,0,0,0,1,457.103,644.8455,35.76947</point>
  <point>-0.9911286,0.1330132,0,-0.1330132,-0.9911286,0,0,0,1,491.0349,685.2569,29.93187</point>
  <point>0.7550957,0.6556193,0,-0.6556193,0.7550957,0,0,0,1,452.8964,641.7389,25.10341</point>
  <point>0.9026117,0.4304581,0,-0.4304581,0.9026117,0,0,0,1,473.1247,652.4136,24.47479</point>
  <point>0.9969596,-0.07792094,0,0.07792094,0.9969596,0,0,0,1,493.373,691.447,13.14146</point>
  <point>0.9725166,0.2328436,0,-0.2328436,0.9725166,0,0,0,1,460.0732,657.0517,22.04733</point>
  <point>0.9933971,0.114747,0,-0.114747,0.9933971,0,0,0,1,461.4024,657.2044,22.04504</point>
  <point>0.9993899,-0.0349929,0,0.0349929,0.9993899,0,0,0,1,462.6801,657.267,22.01599</point>
  <point>0.9650947,0.26191,0,-0.26191,0.9650947,0,0,0,1,458.9843,656.6685,22.0495</point>
  <point>0.6255229,0.7802132,0,-0.7802132,0.6255229,0,0,0,1,440.5691,629.2552,35.44374</point>
  <point>0.6255229,0.7802132,0,-0.7802132,0.6255229,0,0,0,1,437.5084,625.1974,35.44219</point>
  <point>0.6931142,0.7208334,0,-0.7208334,0.6931142,0,0,0,1,440.9967,635.7066,24.87136</point>
  <point>-0.7734139,0.633909,0,-0.633909,-0.7734139,0,0,0,1,442.3131,633.9016,24.94348</point>
  <point>0.7550957,0.6556193,0,-0.6556193,0.7550957,0,0,0,1,452.0251,641.0042,25.11402</point>
  <point>0.7550957,0.6556193,0,-0.6556193,0.7550957,0,0,0,1,450.5416,639.5888,25.12115</point>
  <point>0.7550957,0.6556193,0,-0.6556193,0.7550957,0,0,0,1,449.7885,638.8218,25.12098</point>
  <point>0.8225049,-0.5687642,0,0.5687642,0.8225049,0,0,0,1,447.0646,638.1028,24.93556</point>
  <point>0.7869195,-0.6170614,0,0.6170614,0.7869195,0,0,0,1,446.076,639.0157,24.90919</point>
  <point>0.3947508,0.9187886,0,-0.9187886,0.3947508,0,0,0,1,488.6198,673.4703,22.67386</point>
  <point>0.5528635,0.8332725,0,-0.8332725,0.5528635,0,0,0,1,486.6713,669.6436,22.6725</point>
  <point>0.5528635,0.8332724,0,-0.8332724,0.5528635,0,0,0,1,487.3003,670.6816,22.66977</point>
  <point>0.4491347,0.8934645,0,-0.8934645,0.4491347,0,0,0,1,488.1028,672.3298,22.67149</point>
  <point>0.786918,-0.6170603,0,0.6170603,0.786918,0,0,0,1,468.6008,655.4624,22.00372</point>
  <point>0.9769785,-0.2133479,0,0.2133479,0.9769785,0,0,0,1,464.5254,657.1885,22.01238</point>
  <point>0.8702945,-0.4925358,0,0.4925358,0.8702945,0,0,0,1,467.4957,656.1833,22.00623</point>
  <point>0.6255203,0.7802109,0,-0.7802109,0.6255203,0,0,0,1,454.9107,653.7222,22.05936</point>
  <point>0.9922047,-0.1246762,0,0.1246762,0.9922047,0,0,0,1,454.3843,638.1218,25.20658</point>
  <point>0.1945484,0.9808956,0,-0.9808956,0.1945484,0,0,0,1,452.7647,648.7381,22.47549</point>
  <point>0.1520208,0.9883925,0,-0.9883925,0.1520208,0,0,0,1,488.2958,697.9905,29.92202</point>
  <point>-0.8661309,0.4998401,0,-0.4998401,-0.8661309,0,0,0,1,476.7832,659.4608,28.51003</point>
  <point>0.4374816,0.8992273,0,-0.8992273,0.4374816,0,0,0,1,457.137,650.032,29.99017</point>
  <point>-0.9911418,0.1330127,0,-0.1330127,-0.9911418,0,0,0,1,484.6889,687.8264,23.38489</point>
  <point>0.5418379,0.8405066,0,-0.8405066,0.5418379,0,0,0,1,479.3924,719.9357,23.55201</point>
  <point>0.5912622,0.8065015,0,-0.8065015,0.5912622,0,0,0,1,480.693,721.1959,28.17815</point>
  <point>0.4641008,0.8858025,0,-0.8858025,0.4641008,0,0,0,1,480.1249,720.0587,28.1687</point>
  <point>-0.8346084,0.550881,0,-0.550881,-0.8346084,0,0,0,1,477.6968,723.0643,21.6826</point>
  <point>-0.7626594,0.6468322,0,-0.6468322,-0.7626594,0,0,0,1,475.144,724.7517,21.69773</point>
  <point>-0.866138,0.4998425,0,-0.4998425,-0.866138,0,0,0,1,481.075,715.7484,28.10048</point>
  <point>-0.07413565,0.9972509,0,-0.9972509,-0.07413565,0,0,0,1,452.7864,647.6558,22.62438</point>
  <point>0.4221335,0.9065364,0,-0.9065364,0.4221335,0,0,0,1,453.4508,650.9969,22.06532</point>
  <point>0.5528636,0.8332726,0,-0.8332726,0.5528636,0,0,0,1,485.7167,667.9717,22.65684</point>
  <point>-0.8655282,0.5008604,0,-0.5008604,-0.8655282,0,0,0,1,480.128,717.368,23.56613</point>
  <point>-0.8782563,0.4781901,0,-0.4781901,-0.8782563,0,0,0,1,482.989,715.723,23.56411</point>
  <point>-0.9943244,0.1063908,0,-0.1063908,-0.9943244,0,0,0,1,493.882,699.5,13.14055</point>
  <point>0.9922047,-0.1246762,0,0.1246762,0.9922047,0,0,0,1,452.5756,638.5146,25.09554</point>
  <point>0.8445895,0.5354161,0,-0.5354161,0.8445895,0,0,0,1,474.8584,653.2707,24.21193</point>
  <point>0.1520208,0.9883925,0,-0.9883925,0.1520208,0,0,0,1,488.6232,702.9625,29.896</point>
  <point>0.3389469,0.9408082,0,-0.9408082,0.3389469,0,0,0,1,453.167,649.9796,22.32801</point>
  <point>0.3105738,0.9505495,0,-0.9505495,0.3105738,0,0,0,1,489.2639,675.3674,22.68399</point>
  <point>-0.5374405,0.843319,0,-0.843319,-0.5374405,0,0,0,1,488.3502,686.3259,29.8933</point>
  <point>0.155168,-0.9878986,0,0.9878986,0.155168,0,0,0,1,468.8817,648.112,35.77884</point>
  <point>0.6255229,0.7802132,0,-0.7802132,0.6255229,0,0,0,1,439.366,627.7488,35.44636</point>
  <point>0.8225072,-0.5687662,0,0.5687662,0.8225072,0,0,0,1,440.9455,629.7404,35.43787</point>
</points>