<?xml version="1.0" encoding="UTF-8"?>
<points>
  <point>0.9997762,-0.02118355,0,0.02118355,0.9997762,0,0,0,1,836.7861,635.3223,247.551</point>
  <point>0.9733972,-0.2291316,0,0.2291316,0.9733972,0,0,0,1,887.7916,632.55,247.5586</point>
  <point>0.9997762,-0.02118355,0,0.02118355,0.9997762,0,0,0,1,843.2556,635.0252,247.574</point>
  <point>0.6543059,-0.7562615,0,0.7562615,0.6543059,0,0,0,1,941.7767,539.4177,235.4357</point>
  <point>0.6543059,-0.7562615,0,0.7562615,0.6543059,0,0,0,1,939.3998,542.2305,235.3022</point>
  <point>0.6543059,-0.7562615,0,0.7562615,0.6543059,0,0,0,1,937.5245,545.0025,235.2562</point>
  <point>0.2311399,-0.9729446,0,0.9729446,0.2311399,0,0,0,1,882.5251,497.9711,242.6774</point>
  <point>0.2602199,-0.9655737,0,0.9655737,0.2602199,0,0,0,1,881.9971,501.0801,242.7027</point>
  <point>0.345951,-0.9382775,0,0.9382775,0.345951,0,0,0,1,881.0508,504.1309,242.6773</point>
  <point>0.4288818,-0.9033865,0,0.9033865,0.4288818,0,0,0,1,879.8409,507.0554,242.6595</point>
  <point>0.508341,-0.8611829,0,0.8611829,0.508341,0,0,0,1,878.386,510.0296,242.6655</point>
  <point>0.9967068,-0.08109602,0,0.08109602,0.9967068,0,0,0,1,833.6177,635.3743,247.5848</point>
  <point>-0.728947,-0.6846062,0,0.6846062,-0.728947,0,0,0,1,945.725,589.442,241.2141</point>
  <point>0.968329,0.249781,0,-0.249781,0.968329,0,0,0,1,974.5973,535.6738,236.7484</point>
  <point>0.9997762,-0.02118355,0,0.02118355,0.9997762,0,0,0,1,849.5034,634.8377,247.5976</point>
  <point>0.1723823,-0.9850539,0,0.9850539,0.1723823,0,0,0,1,884.11,478.6238,242.6048</point>
  <point>-0.6417493,-0.7669468,0,0.7669468,-0.6417493,0,0,0,1,941.7386,584.7532,240.0209</point>
  <point>0.9967073,-0.08109602,0,0.08109602,0.9967073,0,0,0,1,868.6818,634.1064,247.5674</point>
  <point>0.1723823,-0.9850539,0,0.9850539,0.1723823,0,0,0,1,882.8571,494.8099,242.6377</point>
  <point>-0.728947,-0.6846062,0,0.6846062,-0.728947,0,0,0,1,947.7051,590.221,241.3035</point>
  <point>0.9986917,-0.05116279,0,0.05116279,0.9986917,0,0,0,1,879.5028,633.7289,247.5731</point>
  <point>0.9201294,0.3916815,0,-0.3916815,0.9201294,0,0,0,1,980.7576,537.4052,236.996</point>
  <point>-0.5702198,-0.8215223,0,0.8215223,-0.5702198,0,0,0,1,940.0115,582.1456,239.3533</point>
  <point>-0.728947,-0.6846062,0,0.6846062,-0.728947,0,0,0,1,943.9158,587.6148,240.7848</point>
  <point>0.9999619,0.008814771,0,-0.008814771,0.9999619,0,0,0,1,860.4298,634.4131,247.5507</point>
  <point>0.9912671,0.1320639,0,-0.1320639,0.9912671,0,0,0,1,971.1833,535.3621,236.278</point>
  <point>0.1723823,-0.9850539,0,0.9850539,0.1723823,0,0,0,1,884.2767,475.511,242.5576</point>
  <point>0.996707,-0.08109602,0,0.08109602,0.996707,0,0,0,1,854.0866,634.6901,247.5838</point>
  <point>0.7234567,-0.6903698,0,0.6903698,0.7234567,0,0,0,1,985.31,575.939,248.706</point>
  <point>0.9997765,-0.02118354,0,0.02118354,0.9997765,0,0,0,1,865.5463,634.2336,247.5787</point>
  <point>-0.8230679,-0.5679864,0,0.5679864,-0.8230679,0,0,0,1,951.8735,593.1155,247.4985</point>
  <point>0.968329,0.249781,0,-0.249781,0.968329,0,0,0,1,977.3188,536.1916,236.91</point>
  <point>0.6543059,-0.7562615,0,0.7562615,0.6543059,0,0,0,1,936.0076,547.5053,235.2565</point>
  <point>0.1723823,-0.9850539,0,0.9850539,0.1723823,0,0,0,1,883.0813,491.6923,242.5545</point>
  <point>0.1723823,-0.9850539,0,0.9850539,0.1723823,0,0,0,1,883.5883,484.9761,242.5535</point>
  <point>0.1723823,-0.9850539,0,0.9850539,0.1723823,0,0,0,1,883.3217,488.4285,242.5442</point>
  <point>0.5590662,-0.8291511,0,0.8291511,0.5590662,0,0,0,1,876.6254,512.6533,242.6719</point>
  <point>0.1723823,-0.9850539,0,0.9850539,0.1723823,0,0,0,1,883.8256,481.6753,242.5583</point>
  <point>0.9997762,-0.02118355,0,0.02118355,0.9997762,0,0,0,1,835.0878,635.3282,247.588</point>
  <point>0.9997762,-0.02118355,0,0.02118355,0.9997762,0,0,0,1,838.1859,635.2263,247.5449</point>
  <point>0.9997765,-0.02118354,0,0.02118354,0.9997765,0,0,0,1,866.864,634.1694,247.558</point>
  <point>0.9999622,0.008814804,0,-0.008814804,0.9999622,0,0,0,1,871.7402,634.0331,247.607</point>
  <point>0.9997762,-0.02118355,0,0.02118355,0.9997762,0,0,0,1,846.4483,634.886,247.5615</point>
  <point>0.9900515,-0.1407167,0,0.1407167,0.9900515,0,0,0,1,885.8486,632.9508,247.5627</point>
  <point>0.9999622,0.008814804,0,-0.008814804,0.9999622,0,0,0,1,870.0507,634.0775,247.5756</point>
  <point>0.6543059,-0.7562615,0,0.7562615,0.6543059,0,0,0,1,944.5243,537.0614,235.5597</point>
  <point>0.9938268,-0.1109563,0,0.1109563,0.9938268,0,0,0,1,881.2571,633.6041,247.5363</point>
  <point>0.9999619,0.008814774,0,-0.008814774,0.9999619,0,0,0,1,862.2642,634.359,247.5782</point>
  <point>0.7078478,-0.7063894,0,0.7063894,0.7078478,0,0,0,1,983.0152,577.53,253.4028</point>
  <point>-0.6987057,-0.7154323,0,0.7154323,-0.6987057,0,0,0,1,984.8195,574.4056,253.4028</point>
  <point>0.4015898,-0.9158407,0,0.9158407,0.4015898,0,0,0,1,949.1935,484.8316,245.57</point>
  <point>0.5083404,-0.8611816,0,0.8611816,0.5083404,0,0,0,1,878.0021,519.7643,242.657</point>
  <point>0.5083404,-0.8611816,0,0.8611816,0.5083404,0,0,0,1,876.1159,522.4058,242.657</point>
  <point>0.8512608,0.524783,0,-0.524783,0.8512608,0,0,0,1,864.0674,536.2244,242.7004</point>
  <point>0.6313248,-0.7755452,0,0.7755452,0.6313248,0,0,0,1,860.3964,536.0131,242.5782</point>
  <point>0.373938,-0.9274746,0,0.9274746,0.373938,0,0,0,1,950.4116,482.4577,245.57</point>
  <point>-0.7344506,0.6786897,0,-0.6786897,-0.7344506,0,0,0,1,966.7401,575.7501,247.4555</point>
  <point>-0.7344506,0.6786897,0,-0.6786897,-0.7344506,0,0,0,1,969.1804,573.3067,247.4542</point>
  <point>0.8531541,0.5216873,0,-0.5216873,0.8531541,0,0,0,1,981.1562,508.347,240.7442</point>
  <point>0.6830947,0.7303501,0,-0.7303501,0.6830947,0,0,0,1,976.7086,566.2586,247.444</point>
  <point>-0.676931,-0.7360677,0,0.7360677,-0.676931,0,0,0,1,974.0765,570.7127,247.444</point>
  <point>0.8531541,0.5216873,0,-0.5216873,0.8531541,0,0,0,1,988.6605,513.1342,240.7477</point>
  <point>-0.7018832,0.7123147,0,-0.7123147,-0.7018832,0,0,0,1,973.5064,569.3557,253.4028</point>
  <point>0.7346717,0.678449,0,-0.678449,0.7346717,0,0,0,1,980.5943,578.2869,253.4028</point>
  <point>-0.7344506,0.6786897,0,-0.6786897,-0.7344506,0,0,0,1,980.048,562.938,247.4576</point>
  <point>-0.3783635,0.9256725,0,-0.9256725,-0.3783635,0,0,0,1,1030.686,550.5395,255.2484</point>
  <point>-0.7229331,0.6909403,0,-0.6909403,-0.7229331,0,0,0,1,975.496,571.025,247.444</point>
  <point>0.8949811,0.4461484,0,-0.4461484,0.8949811,0,0,0,1,943.5625,484.2136,245.57</point>
  <point>-0.7018832,0.7123147,0,-0.7123147,-0.7018832,0,0,0,1,975.633,567.245,253.4028</point>
  <point>-0.7018832,0.7123147,0,-0.7123147,-0.7018832,0,0,0,1,974.0388,568.7911,253.4028</point>
  <point>-0.7229331,0.6909403,0,-0.6909403,-0.7229331,0,0,0,1,978.3604,568.2626,247.444</point>
  <point>0.6830947,0.7303501,0,-0.7303501,0.6830947,0,0,0,1,977.4702,567.1154,247.444</point>
  <point>0.7078478,-0.7063894,0,0.7063894,0.7078478,0,0,0,1,985.2788,575.3998,253.4028</point>
  <point>0.7346717,0.678449,0,-0.678449,0.7346717,0,0,0,1,976.4193,573.8257,253.4028</point>
  <point>-0.7344506,0.6786897,0,-0.6786897,-0.7344506,0,0,0,1,982.5257,560.619,247.4566</point>
  <point>-0.676931,-0.7360677,0,0.7360677,-0.676931,0,0,0,1,973.1504,569.8367,247.444</point>
  <point>0.9670358,-0.2547199,0,0.2547199,0.9670358,0,0,0,1,845.6164,547.3903,242.6142</point>
  <point>0.7346717,0.678449,0,-0.678449,0.7346717,0,0,0,1,974.3226,571.5999,253.4028</point>
  <point>0.9905743,-0.1371221,0,0.1371221,0.9905743,0,0,0,1,836.5908,549.5499,242.6255</point>
  <point>0.9905743,-0.1371221,0,0.1371221,0.9905743,0,0,0,1,833.3535,549.7586,242.6069</point>
  <point>0.9970142,-0.07747658,0,0.07747658,0.9970142,0,0,0,1,830.1356,549.6502,242.5846</point>
  <point>0.9500216,-0.3122489,0,0.3122489,0.9500216,0,0,0,1,842.7302,548.3867,242.5681</point>
  <point>0.6984745,-0.7156638,0,0.7156638,0.6984745,0,0,0,1,858.7153,538.1448,242.6196</point>
  <point>0.7599704,-0.6499894,0,0.6499894,0.7599704,0,0,0,1,856.3672,540.5723,242.6463</point>
  <point>0.8485699,-0.5291221,0,0.5291221,0.8485699,0,0,0,1,853.9689,542.6914,242.6186</point>
  <point>0.9181125,-0.3963719,0,0.3963719,0.9181125,0,0,0,1,851.3753,544.5198,242.6043</point>
  <point>0.9670358,-0.2547199,0,0.2547199,0.9670358,0,0,0,1,848.5497,546.1,242.6039</point>
  <point>0.8531541,0.5216873,0,-0.5216873,0.8531541,0,0,0,1,986.6405,511.8313,240.7251</point>
  <point>0.7346717,0.678449,0,-0.678449,0.7346717,0,0,0,1,978.5674,576.1865,253.4028</point>
  <point>-0.6987057,-0.7154323,0,0.7154323,-0.6987057,0,0,0,1,982.554,572.1398,253.4028</point>
  <point>0.8531541,0.5216873,0,-0.5216873,0.8531541,0,0,0,1,984.6968,510.6765,240.7761</point>
  <point>0.8531541,0.5216873,0,-0.5216873,0.8531541,0,0,0,1,982.822,509.4464,240.7691</point>
  <point>-0.7229331,0.6909403,0,-0.6909403,-0.7229331,0,0,0,1,976.6289,569.9691,247.444</point>
  <point>-0.1770857,0.9842098,0,-0.9842098,-0.1770857,0,0,0,1,1029.48,553.1346,255.2484</point>
  <point>0.9905743,-0.1371221,0,0.1371221,0.9905743,0,0,0,1,839.7873,549.0124,242.607</point>
  <point>0.7078478,-0.7063894,0,0.7063894,0.7078478,0,0,0,1,983.8448,576.7632,253.4028</point>
  <point>-0.7229331,0.6909403,0,-0.6909403,-0.7229331,0,0,0,1,977.5693,569.0811,247.444</point>
  <point>-0.7018832,0.7123147,0,-0.7123147,-0.7018832,0,0,0,1,976.3436,566.5396,253.4028</point>
  <point>0.7489319,-0.6626729,0,0.6626729,0.7489319,0,0,0,1,981.7242,578.7321,253.4028</point>
  <point>-0.05799019,0.9983314,0,-0.9983314,-0.05799019,0,0,0,1,1029.325,554.8511,255.2484</point>
  <point>0.1216776,0.9925838,0,-0.9925838,0.1216776,0,0,0,1,1029.404,555.7755,255.2484</point>
  <point>0.436752,0.8995975,0,-0.8995975,0.436752,0,0,0,1,1029.96,557.2336,255.2484</point>
  <point>0.5158389,0.8567019,0,-0.8567019,0.5158389,0,0,0,1,1030.39,558.0655,255.2484</point>
  <point>0.957918,-0.2870885,0,0.2870885,0.957918,0,0,0,1,1036.717,560.6802,255.2484</point>
  <point>0.5807287,-0.8141133,0,0.8141133,0.5807287,0,0,0,1,1040.878,557.908,255.2484</point>
  <point>0.9042592,-0.4270143,0,0.4270143,0.9042592,0,0,0,1,1039.007,559.708,255.2484</point>
  <point>0.9967191,-0.08109419,0,0.08109419,0.9967191,0,0,0,1,1035.809,561.0453,251.6535</point>
  <point>0.7656128,0.6433208,0,-0.6433208,0.7656128,0,0,0,1,1031.177,559.275,251.6289</point>
  <point>0.4367517,0.8995954,0,-0.8995954,0.4367517,0,0,0,1,1029.336,556.6641,251.6306</point>
  <point>0.9999729,0.008817522,0,-0.008817522,0.9999729,0,0,0,1,1035.919,560.9495,247.5658</point>
  <point>0.8371196,0.5470408,0,-0.5470408,0.8371196,0,0,0,1,1031.954,559.8761,247.5661</point>
  <point>0.3820223,0.9241652,0,-0.9241652,0.3820223,0,0,0,1,1029.49,556.693,247.5657</point>
  <point>0.9874259,0.1581523,0,-0.1581523,0.9874259,0,0,0,1,1026.152,553.7601,247.5423</point>
  <point>0.9951326,0.0986577,0,-0.0986577,0.9951326,0,0,0,1,1023.158,553.1522,247.5073</point>
  <point>0.9951326,0.0986577,0,-0.0986577,0.9951326,0,0,0,1,1020.134,552.7726,247.5167</point>
  <point>0.9967175,-0.08109439,0,0.08109439,0.9967175,0,0,0,1,1016.834,552.676,247.517</point>
  <point>0.9853948,-0.1703497,0,0.1703497,0.9853948,0,0,0,1,1013.501,552.9333,247.4948</point>
  <point>0.9853948,-0.1703497,0,0.1703497,0.9853948,0,0,0,1,1010.437,553.4868,247.5287</point>
  <point>0.9853948,-0.1703497,0,0.1703497,0.9853948,0,0,0,1,1007.504,554.1692,247.5227</point>
  <point>0.9579154,-0.2870884,0,0.2870884,0.9579154,0,0,0,1,1005.006,554.7234,247.5004</point>
  <point>0.9282354,-0.3720225,0,0.3720225,0.9282354,0,0,0,1,1001.982,555.6934,247.4658</point>
  <point>0.9042571,-0.4270138,0,0.4270138,0.9042571,0,0,0,1,999.1661,556.8781,247.4761</point>
  <point>0.830291,-0.5573493,0,0.5573493,0.830291,0,0,0,1,996.3091,558.515,247.4766</point>
  <point>0.7376785,-0.6751681,0,0.6751681,0.7376785,0,0,0,1,993.7291,560.284,247.4514</point>
  <point>0.6958653,-0.7181873,0,0.7181873,0.6958653,0,0,0,1,991.295,562.3182,247.4901</point>
  <point>0.6958653,-0.7181873,0,0.7181873,0.6958653,0,0,0,1,989.9155,563.7241,247.4821</point>
  <point>-0.6445199,-0.7646012,0,0.7646012,-0.6445199,0,0,0,1,989.4799,566.7594,247.4974</point>
  <point>0.7170935,-0.6969905,0,0.6969905,0.7170935,0,0,0,1,991.556,569.3859,247.4463</point>
  <point>0.7575974,-0.6527367,0,0.6527367,0.7575974,0,0,0,1,990.0062,570.8795,247.444</point>
  <point>0.7575974,-0.6527367,0,0.6527367,0.7575974,0,0,0,1,989.1329,571.6601,247.444</point>
  <point>0.7575974,-0.6527367,0,0.6527367,0.7575974,0,0,0,1,987.6324,573.0261,247.444</point>
  <point>0.7575974,-0.6527367,0,0.6527367,0.7575974,0,0,0,1,979.353,580.9698,247.4587</point>
  <point>0.7953748,-0.6061335,0,0.6061335,0.7953748,0,0,0,1,978.0309,582.3358,247.4578</point>
  <point>0.7953748,-0.6061335,0,0.6061335,0.7953748,0,0,0,1,977.0967,583.1499,247.458</point>
  <point>0.7575973,-0.6527367,0,0.6527367,0.7575973,0,0,0,1,975.4759,584.6634,247.4572</point>
  <point>0.6830919,0.7303444,0,-0.7303444,0.6830919,0,0,0,1,974.289,584.104,247.4738</point>
  <point>0.6830919,0.7303444,0,-0.7303444,0.6830919,0,0,0,1,973.265,582.9928,247.4945</point>
  <point>0.717092,-0.6969902,0,0.6969902,0.717092,0,0,0,1,969.6096,583.2192,247.5476</point>
  <point>0.717092,-0.6969902,0,0.6969902,0.717092,0,0,0,1,968.7634,584.041,247.5787</point>
  <point>0.6740073,-0.7387357,0,0.7387357,0.6740073,0,0,0,1,967.4409,585.2479,247.5486</point>
  <point>0.6740073,-0.7387357,0,0.7387357,0.6740073,0,0,0,1,966.5056,586.2151,247.5418</point>
  <point>0.737676,-0.6751671,0,0.6751671,0.737676,0,0,0,1,965.1958,587.4658,247.533</point>
  <point>0.6740073,-0.7387358,0,0.7387358,0.6740073,0,0,0,1,964.2193,588.3772,247.5529</point>
  <point>0.7376759,-0.6751671,0,0.6751671,0.7376759,0,0,0,1,962.8445,589.703,247.5565</point>
  <point>0.7376759,-0.6751671,0,0.6751671,0.7376759,0,0,0,1,961.8998,590.5825,247.5521</point>
  <point>0.7376759,-0.6751671,0,0.6751671,0.7376759,0,0,0,1,960.4731,591.9561,247.5254</point>
  <point>0.7376759,-0.6751671,0,0.6751671,0.7376759,0,0,0,1,959.5262,592.8407,247.5286</point>
  <point>0.6958627,-0.7181863,0,0.7181863,0.6958627,0,0,0,1,958.245,594.0864,247.5671</point>
  <point>0.6958627,-0.7181863,0,0.7181863,0.6958627,0,0,0,1,957.2206,595.0038,247.5652</point>
  <point>0.7768341,-0.6297183,0,0.6297183,0.7768341,0,0,0,1,955.9551,596.3378,247.5583</point>
  <point>0.8466325,-0.5321933,0,0.5321933,0.8466325,0,0,0,1,942.0602,606.6887,247.5869</point>
  <point>0.8622149,-0.5065587,0,0.5065587,0.8622149,0,0,0,1,940.958,607.3815,247.6208</point>
  <point>0.8622149,-0.5065587,0,0.5065587,0.8622149,0,0,0,1,939.4637,608.3091,247.5914</point>
  <point>0.8622149,-0.5065587,0,0.5065587,0.8622149,0,0,0,1,938.3509,609.0173,247.5834</point>
  <point>0.8622148,-0.5065587,0,0.5065587,0.8622148,0,0,0,1,936.806,610.0342,247.5739</point>
  <point>0.8131964,-0.5820031,0,0.5820031,0.8131964,0,0,0,1,935.7775,610.7693,247.5945</point>
  <point>0.8622147,-0.5065587,0,0.5065587,0.8622147,0,0,0,1,934.1294,611.814,247.5987</point>
  <point>0.8302879,-0.557349,0,0.557349,0.8302879,0,0,0,1,932.9561,612.5142,247.5937</point>
  <point>0.8622147,-0.5065587,0,0.5065587,0.8622147,0,0,0,1,931.4203,613.5186,247.5667</point>
  <point>0.8131963,-0.5820031,0,0.5820031,0.8131963,0,0,0,1,930.2632,614.382,247.5724</point>
  <point>0.8131963,-0.5820031,0,0.5820031,0.8131963,0,0,0,1,928.6292,615.3476,247.6094</point>
  <point>0.8131963,-0.5820031,0,0.5820031,0.8131963,0,0,0,1,927.625,616.056,247.6075</point>
  <point>0.7953728,-0.6061335,0,0.6061335,0.7953728,0,0,0,1,923.3685,618.855,247.597</point>
  <point>0.8466321,-0.5321934,0,0.5321934,0.8466321,0,0,0,1,922.3589,619.4959,247.6275</point>
  <point>0.8770211,-0.4804682,0,0.4804682,0.8770211,0,0,0,1,920.7678,620.4709,247.5946</point>
  <point>0.877021,-0.4804682,0,0.4804682,0.877021,0,0,0,1,919.7585,621.074,247.5887</point>
  <point>0.877021,-0.4804682,0,0.4804682,0.877021,0,0,0,1,917.9954,622.0297,247.5799</point>
  <point>0.8910381,-0.4539454,0,0.4539454,0.8910381,0,0,0,1,916.8277,622.609,247.5991</point>
  <point>0.8910381,-0.4539454,0,0.4539454,0.8910381,0,0,0,1,915.199,623.4734,247.6029</point>
  <point>0.9166551,-0.3996983,0,0.3996983,0.9166551,0,0,0,1,914.0254,624.0179,247.599</point>
  <point>0.9166551,-0.3996983,0,0.3996983,0.9166551,0,0,0,1,912.0988,624.8408,247.5724</point>
  <point>0.9166551,-0.3996983,0,0.3996983,0.9166551,0,0,0,1,910.9772,625.2749,247.5746</point>
  <point>0.9579117,-0.2870891,0,0.2870891,0.9579117,0,0,0,1,909.212,625.9379,247.6133</point>
  <point>0.9660919,-0.2582269,0,0.2582269,0.9660919,0,0,0,1,908.0367,626.3732,247.6122</point>
  <point>0.9660919,-0.2582269,0,0.2582269,0.9660919,0,0,0,1,906.1526,626.9731,247.6041</point>
  <point>-0.3054304,-0.9522216,0,0.9522216,-0.3054304,0,0,0,1,904.5781,629.6056,247.4684</point>
  <point>0.9579105,-0.287089,0,0.287089,0.9579105,0,0,0,1,903.425,631.3342,247.4337</point>
  <point>0.9734017,-0.2291322,0,0.2291322,0.9734017,0,0,0,1,900.2878,631.9019,247.3014</point>
  <point>0.2103983,0.9776211,0,-0.9776211,0.2103983,0,0,0,1,898.3432,631.6202,247.3208</point>
  <point>-0.3338547,-0.9426289,0,0.9426289,-0.3338547,0,0,0,1,902.9235,625.5766,252.22</point>
  <point>-0.3619791,-0.9321906,0,0.9321906,-0.3619791,0,0,0,1,903.4445,627.1762,252.22</point>
  <point>-0.2767301,-0.9609519,0,0.9609519,-0.2767301,0,0,0,1,903.7386,628.2133,252.22</point>
  <point>0.1513975,0.9884759,0,-0.9884759,0.1513975,0,0,0,1,897.1113,627.2078,252.22</point>
  <point>0.1513975,0.9884757,0,-0.9884757,0.1513975,0,0,0,1,897.5499,629.0551,252.22</point>
  <point>0.2686413,0.9632431,0,-0.9632431,0.2686413,0,0,0,1,897.8004,629.8973,252.22</point>
  <point>0.9488639,-0.3156919,0,0.3156919,0.9488639,0,0,0,1,895.0569,630.5939,247.5526</point>
  <point>0.9660865,-0.2582261,0,0.2582261,0.9660865,0,0,0,1,893.7811,631.0071,247.5867</point>
  <point>0.9660865,-0.2582261,0,0.2582261,0.9660865,0,0,0,1,892.0766,631.5103,247.5548</point>
  <point>0.9660865,-0.2582261,0,0.2582261,0.9660865,0,0,0,1,890.8063,631.8128,247.5474</point>
  <point>0.9660865,-0.2582261,0,0.2582261,0.9660865,0,0,0,1,888.9922,632.2969,247.5396</point>
  <point>0.9997762,-0.02118355,0,0.02118355,0.9997762,0,0,0,1,844.637,634.9791,247.5525</point>
  <point>0.7234567,-0.6903698,0,0.6903698,0.7234567,0,0,0,1,982.29,578.762,248.708</point>
  <point>0.9997762,-0.02118355,0,0.02118355,0.9997762,0,0,0,1,841.409,635.0958,247.5771</point>
  <point>0.9997762,-0.02118355,0,0.02118355,0.9997762,0,0,0,1,852.6649,634.7298,247.5851</point>
  <point>0.9999619,0.008814771,0,-0.008814771,0.9999619,0,0,0,1,858.9951,634.4791,247.5554</point>
  <point>0.9997762,-0.02118355,0,0.02118355,0.9997762,0,0,0,1,840.0831,635.1803,247.573</point>
  <point>0.9967079,-0.08109602,0,0.08109602,0.9967079,0,0,0,1,882.643,633.4305,247.5321</point>
  <point>0.9999619,0.008814774,0,-0.008814774,0.9999619,0,0,0,1,863.6626,634.3137,247.5825</point>
  <point>0.9997768,-0.02118352,0,0.02118352,0.9997768,0,0,0,1,873.0637,633.9655,247.5717</point>
  <point>0.9986917,-0.05116279,0,0.05116279,0.9986917,0,0,0,1,878.1484,633.8578,247.571</point>
  <point>0.9997768,-0.02118352,0,0.02118352,0.9997768,0,0,0,1,874.9842,633.9462,247.565</point>
  <point>0.9997762,-0.02118355,0,0.02118355,0.9997762,0,0,0,1,847.7748,634.829,247.5689</point>
  <point>0.9900515,-0.1407167,0,0.1407167,0.9900515,0,0,0,1,884.5482,633.1655,247.5587</point>
  <point>0.9997762,-0.02118355,0,0.02118355,0.9997762,0,0,0,1,850.8857,634.8025,247.5667</point>
  <point>0.9986916,-0.05116279,0,0.05116279,0.9986916,0,0,0,1,876.2964,633.9097,247.5636</point>
  <point>0.9997759,-0.02118358,0,0.02118358,0.9997759,0,0,0,1,831.888,635.4954,247.5786</point>
  <point>0.8512653,0.5247858,0,-0.5247858,0.8512653,0,0,0,1,984.3652,539.6315,237.6566</point>
  <point>0.7021234,0.7120925,0,-0.7120925,0.7021234,0,0,0,1,987.7148,541.7375,238.3101</point>
  <point>0.654308,-0.756264,0,0.756264,0.654308,0,0,0,1,898.2071,605.8671,241.14</point>
  <point>0.654308,-0.756264,0,0.756264,0.654308,0,0,0,1,899.7053,603.9034,241.14</point>
  <point>0.654308,-0.756264,0,0.756264,0.654308,0,0,0,1,901.2786,601.7997,241.14</point>
  <point>0.654308,-0.756264,0,0.756264,0.654308,0,0,0,1,898.5536,599.2825,241.14</point>
  <point>0.5590686,-0.8291542,0,0.8291542,0.5590686,0,0,0,1,901.2171,607.1899,241.14</point>
  <point>0.6313292,-0.7755501,0,0.7755501,0.6313292,0,0,0,1,904.6583,604.1301,241.14</point>
  <point>0.8485758,-0.5291254,0,0.5291254,0.8485758,0,0,0,1,950.7994,606.2714,255.2494</point>
  <point>0.3739414,-0.9274821,0,0.9274821,0.3739414,0,0,0,1,953.8962,603.3164,255.2494</point>
  <point>0.9742485,-0.2255999,0,0.2255999,0.9742485,0,0,0,1,949.968,606.5183,255.2494</point>
  <point>0.9998737,-0.01755193,0,0.01755193,0.9998737,0,0,0,1,948.2829,606.6914,255.2494</point>
  <point>0.9912692,0.1320644,0,-0.1320644,0.9912692,0,0,0,1,947.2689,606.6232,255.2494</point>
  <point>0.907968,0.4191061,0,-0.4191061,0.907968,0,0,0,1,945.6736,606.0962,255.2494</point>
  <point>0.8182664,0.574888,0,-0.574888,0.8182664,0,0,0,1,944.807,605.6127,255.2494</point>
  <point>0.7021244,0.7120939,0,-0.7120939,0.7021244,0,0,0,1,943.7117,604.5556,255.2494</point>
  <point>0.4867492,0.8735741,0,-0.8735741,0.4867492,0,0,0,1,942.9769,603.5713,255.2494</point>
  <point>0.3507382,0.9365037,0,-0.9365037,0.3507382,0,0,0,1,942.3373,602.1139,255.2494</point>
  <point>0.02834574,0.9996267,0,-0.9996267,0.02834574,0,0,0,1,942.1207,599.4603,255.2494</point>
  <point>0.289068,-0.9573393,0,0.9573393,0.289068,0,0,0,1,954.2553,602.3973,255.2494</point>
  <point>0.02324284,-0.9997594,0,0.9997594,0.02324284,0,0,0,1,954.5486,600.855,255.2494</point>
  <point>-0.1561192,-0.9877682,0,0.9877682,-0.1561192,0,0,0,1,954.6107,599.9116,255.2494</point>
  <point>-0.4139321,-0.9103405,0,0.9103405,-0.4139321,0,0,0,1,954.308,598.3109,255.2494</point>
  <point>-0.5199342,-0.8542413,0,0.8542413,-0.5199342,0,0,0,1,953.8908,597.2947,255.2494</point>
  <point>-0.7080871,-0.7061673,0,0.7061673,-0.7080871,0,0,0,1,953.0006,595.935,255.2494</point>
  <point>-0.8556498,-0.5176131,0,0.5176131,-0.8556498,0,0,0,1,951.4557,594.8666,255.2494</point>
  <point>-0.9923466,-0.1237267,0,0.1237267,-0.9923466,0,0,0,1,948.542,594.0295,255.2494</point>
  <point>-0.06670794,-0.9978032,0,0.9978032,-0.06670794,0,0,0,1,955.0049,599.6232,251.6506</point>
  <point>0.5836908,-0.8120141,0,0.8120141,0.5836908,0,0,0,1,953.7379,604.1318,251.6556</point>
  <point>0.9970253,-0.07747656,0,0.07747656,0.9970253,0,0,0,1,949.5786,606.8436,251.6272</point>
  <point>0.9604059,0.2787163,0,-0.2787163,0.9604059,0,0,0,1,946.2936,606.6922,251.6314</point>
  <point>0.9604059,0.2787163,0,-0.2787163,0.9604059,0,0,0,1,946.4476,606.7255,247.5665</point>
  <point>0.9402387,-0.3406077,0,0.3406077,0.9402387,0,0,0,1,950.5059,606.5258,247.5671</point>
  <point>0.5590718,-0.8291572,0,0.8291572,0.5590718,0,0,0,1,953.6044,604.0927,247.5669</point>
  <point>-0.06670791,-0.9978045,0,0.9978045,-0.06670791,0,0,0,1,954.8558,600.3433,247.5669</point>
  <point>0.6077857,-0.7941415,0,0.7941415,0.6077857,0,0,0,1,827.8727,638.3257,255.1884</point>
  <point>0.9815708,0.1912687,0,-0.1912687,0.9815708,0,0,0,1,821.8057,640.713,255.1884</point>
  <point>0.8666284,0.4990195,0,-0.4990195,0.8666284,0,0,0,1,819.3032,639.6177,255.1884</point>
  <point>0.5836919,-0.8120161,0,0.8120161,0.5836919,0,0,0,1,828.4899,637.4774,255.1884</point>
  <point>0.2018546,-0.9794496,0,0.9794496,0.2018546,0,0,0,1,829.0581,636.0346,255.1884</point>
  <point>0.1130062,-0.993628,0,0.993628,0.1130062,0,0,0,1,829.2565,634.9439,255.1884</point>
  <point>-0.2150697,-0.9766333,0,0.9766333,-0.2150697,0,0,0,1,829.2338,633.2945,255.1884</point>
  <point>-0.330438,-0.9438635,0,0.9438635,-0.330438,0,0,0,1,828.9705,632.3601,255.1884</point>
  <point>-0.4940788,-0.8694561,0,0.8694561,-0.4940788,0,0,0,1,828.1993,630.8538,255.1884</point>
  <point>-0.8230754,-0.567992,0,0.567992,-0.8230754,0,0,0,1,826.4699,629.0741,255.1884</point>
  <point>0.9296017,-0.368659,0,0.368659,0.9296017,0,0,0,1,825.2784,640.5391,247.5057</point>
  <point>0.994256,-0.1073489,0,0.1073489,0.994256,0,0,0,1,844.4348,606.1377,241.4197</point>
  <point>0.994256,-0.1073489,0,0.1073489,0.994256,0,0,0,1,846.3362,605.6616,241.4273</point>
  <point>0.994256,-0.1073489,0,0.1073489,0.994256,0,0,0,1,849.2846,605.404,241.3941</point>
  <point>0.994256,-0.1073489,0,0.1073489,0.994256,0,0,0,1,852.0077,604.9871,241.3997</point>
  <point>0.994256,-0.1073489,0,0.1073489,0.994256,0,0,0,1,855.3561,604.3491,241.4014</point>
  <point>0.994256,-0.1073489,0,0.1073489,0.994256,0,0,0,1,857.9486,603.812,241.4022</point>
  <point>0.9860299,-0.1667753,0,0.1667753,0.9860299,0,0,0,1,850.832,601.9949,241.1468</point>
  <point>0.9860299,-0.1667753,0,0.1667753,0.9860299,0,0,0,1,852.9227,601.7529,241.1655</point>
  <point>0.9683374,0.2497833,0,-0.2497833,0.9683374,0,0,0,1,859.2048,611.6149,241.14</point>
  <point>0.9683374,0.2497833,0,-0.2497833,0.9683374,0,0,0,1,860.9794,612.0405,241.14</point>
  <point>0.9683374,0.2497833,0,-0.2497833,0.9683374,0,0,0,1,862.2679,615.7084,241.1432</point>
</points>