<?xml version="1.0" encoding="UTF-8"?>
<points>
  <point>0.2758169,0.9612555,0,-0.9612557,0.2758161,0,0,0,1,691.1215,587.5286,94.98303</point>
  <point>0.547568,0.8368119,0,-0.8368124,0.5475673,0,0,0,1,655.0988,534.5079,98.65547</point>
  <point>-0.4264756,0.9045457,0,-0.9045453,-0.4264763,0,0,0,1,651.2664,547.4457,86.02624</point>
  <point>0.1587595,0.9873608,0,-0.987361,0.1587585,0,0,0,1,688.8427,589.9886,94.93697</point>
  <point>0.9981608,0.06133345,0,-0.06133432,0.9981605,0,0,0,1,690.4199,592.0792,94.93697</point>
  <point>0.2758169,0.9612555,0,-0.9612557,0.2758161,0,0,0,1,696.1618,599.1096,94.14358</point>
  <point>-0.5568603,0.8306569,0,-0.8306565,-0.556861,0,0,0,1,656.0502,529.0308,98.65547</point>
  <point>-0.4264756,0.9045457,0,-0.9045453,-0.4264763,0,0,0,1,652.8266,544.5767,85.96758</point>
  <point>0.5132806,-0.8582658,0,0.8582663,0.5132813,0,0,0,1,654.0773,579.6378,91.59724</point>
  <point>0.1587595,0.9873608,0,-0.987361,0.1587585,0,0,0,1,689.1348,591.38,94.93697</point>
  <point>0.2758169,0.9612555,0,-0.9612557,0.2758161,0,0,0,1,696.5471,601.1051,94.14358</point>
  <point>0.2758169,0.9612555,0,-0.9612557,0.2758161,0,0,0,1,695.5975,597.0137,94.14358</point>
  <point>0.7509342,0.6604415,0,-0.6604422,0.7509336,0,0,0,1,655.8608,536.0807,98.65547</point>
  <point>0.8354978,-0.5495637,0,0.5495638,0.8354987,0,0,0,1,651.0876,582.6444,91.59724</point>
  <point>0.2758169,0.9612555,0,-0.9612557,0.2758161,0,0,0,1,693.2653,606.8226,94.65289</point>
  <point>0.8952789,-0.4455924,0,0.4455923,0.8952798,0,0,0,1,649.6712,583.3275,91.59724</point>
  <point>0.2758169,0.9612555,0,-0.9612557,0.2758161,0,0,0,1,693.6514,608.3801,94.68171</point>
  <point>0.2758169,0.9612555,0,-0.9612557,0.2758161,0,0,0,1,692.2445,589.7712,99.51821</point>
  <point>0.7236111,-0.6902636,0,0.6902638,0.723612,0,0,0,1,652.1288,581.9023,91.59724</point>
  <point>0.2758169,0.9612555,0,-0.9612557,0.2758161,0,0,0,1,691.5307,586.1176,99.5143</point>
  <point>0.2758169,0.9612555,0,-0.9612557,0.2758161,0,0,0,1,691.8952,587.5835,99.51592</point>
  <point>0.8721124,0.4893925,0,-0.4893934,0.8721119,0,0,0,1,658.1608,538.1886,98.65547</point>
  <point>0.9988775,0.04816642,0,-0.04816692,0.9988781,0,0,0,1,646.596,583.8357,91.59724</point>
  <point>0.9755366,-0.2200106,0,0.2200103,0.9755375,0,0,0,1,648.7261,583.5653,91.59724</point>
  <point>-0.2285448,0.9735765,0,-0.9735764,-0.2285455,0,0,0,1,647.4982,556.097,86.02896</point>
  <point>0.2758169,0.9612555,0,-0.9612557,0.2758161,0,0,0,1,693.5376,596.3777,94.14358</point>
  <point>-0.08048899,0.9967979,0,-0.996798,-0.08048988,0,0,0,1,654.8949,531.632,98.66925</point>
  <point>0.1587595,0.9873602,0,-0.9873605,0.1587586,0,0,0,1,654.8806,533.3245,98.65547</point>
  <point>-0.8471701,0.5313969,0,-0.5313967,-0.8471707,0,0,0,1,642.6938,559.9085,96.54987</point>
  <point>0.2758169,0.9612555,0,-0.9612557,0.2758161,0,0,0,1,693.0841,594.1837,94.14358</point>
  <point>0.7099802,0.704282,0,-0.7042828,0.7099795,0,0,0,1,656.761,537.1237,98.65547</point>
  <point>0.2758169,0.9612555,0,-0.9612557,0.2758161,0,0,0,1,692.6326,591.1862,99.53552</point>
  <point>-0.1401166,0.9901789,0,-0.9901791,-0.1401175,0,0,0,1,693.0157,583.5803,99.49982</point>
  <point>0.2176799,0.976065,0,-0.9760653,0.2176791,0,0,0,1,690.915,617.0671,100.8375</point>
  <point>0.0693743,0.9976346,0,-0.9976348,0.0693734,0,0,0,1,690.5825,613.8519,100.8429</point>
  <point>0.9930161,-0.1183577,0,0.1183569,0.9930161,0,0,0,1,697.1411,617.7993,105.3935</point>
  <point>0.9930161,-0.1183577,0,0.1183569,0.9930161,0,0,0,1,693.554,618.1429,105.3694</point>
  <point>0.1587595,0.987363,0,-0.9873632,0.1587584,0,0,0,1,691.5751,617.5634,105.3763</point>
  <point>0.1587595,0.987363,0,-0.9873632,0.1587584,0,0,0,1,691.4295,615.9213,105.3776</point>
  <point>0.1587595,0.987363,0,-0.9873632,0.1587584,0,0,0,1,691.2802,614.6409,105.3766</point>
  <point>0.1587595,0.987363,0,-0.9873632,0.1587584,0,0,0,1,691.0448,612.9857,105.3714</point>
  <point>-0.9939771,0.1100049,0,-0.1100041,-0.9939773,0,0,0,1,692.7951,612.0874,105.3895</point>
  <point>-0.9939771,0.1100049,0,-0.1100041,-0.9939773,0,0,0,1,696.3821,611.5489,105.3826</point>
  <point>0.9710518,0.2390422,0,-0.239043,0.9710518,0,0,0,1,649.3511,560.9547,96.56314</point>
  <point>-0.4264756,0.9045457,0,-0.9045453,-0.4264763,0,0,0,1,649.8541,550.22,86.02802</point>
  <point>-0.2285448,0.9735765,0,-0.9735764,-0.2285455,0,0,0,1,648.6761,553.0331,86.03509</point>
  <point>0.2758169,0.9612555,0,-0.9612557,0.2758161,0,0,0,1,694.5248,600.6328,94.14358</point>
  <point>0.2758169,0.9612555,0,-0.9612557,0.2758161,0,0,0,1,695.264,595.0399,94.14358</point>
  <point>0.2758169,0.9612555,0,-0.9612557,0.2758161,0,0,0,1,693.898,598.5092,94.14358</point>
  <point>0.7637,-0.6456309,0,0.6456311,0.763701,0,0,0,1,653.3621,580.673,91.59724</point>
  <point>0.2758169,0.9612555,0,-0.9612557,0.2758161,0,0,0,1,694.8371,602.475,94.14358</point>
  <point>0.2723132,0.9622092,0,-0.9622091,0.2723131,0,0,0,1,636.0956,591.3748,95.62878</point>
  <point>0.9985027,-0.05497411,0,0.0549736,0.9985031,0,0,0,1,641.4453,631.0403,98.26788</point>
  <point>0.8050751,0.5931802,0,-0.5931796,0.8050754,0,0,0,1,632.2654,670.1947,104.955</point>
  <point>0.1254649,0.9920993,0,-0.9920991,0.1254649,0,0,0,1,628.3459,686.5568,98.38698</point>
  <point>-0.7817064,-0.6236567,0,0.6236558,-0.7817059,0,0,0,1,638.9547,667.5996,104.9645</point>
  <point>-0.1437048,0.9896228,0,-0.9896226,-0.1437045,0,0,0,1,637.3771,708.8611,107.7165</point>
  <point>0.9996974,-0.0249988,0,0.0249988,0.9996966,0,0,0,1,643.3553,644.0933,98.26788</point>
  <point>-0.9989344,0.04657831,0,-0.04657734,-0.9989346,0,0,0,1,651.3176,624.7928,104.8148</point>
  <point>-0.7817064,-0.6236567,0,0.6236558,-0.7817059,0,0,0,1,636.4124,665.5467,104.9559</point>
  <point>0.2723132,0.9622092,0,-0.9622091,0.2723131,0,0,0,1,645.129,612.5939,98.6878</point>
  <point>0.2723132,0.9622092,0,-0.9622091,0.2723131,0,0,0,1,644.6437,610.9192,98.6898</point>
  <point>0.005796116,0.9999836,0,-0.9999835,0.005796079,0,0,0,1,635.4681,583.8929,95.64328</point>
  <point>-0.3185544,0.9479052,0,-0.9479051,-0.3185544,0,0,0,1,647.3564,655.1767,98.69294</point>
  <point>-0.6085281,0.7935334,0,-0.7935333,-0.608528,0,0,0,1,644.3774,660.6246,98.70689</point>
  <point>-0.6085281,0.7935334,0,-0.7935333,-0.608528,0,0,0,1,641.1625,664.7588,98.66127</point>
  <point>-0.6085281,0.7935334,0,-0.7935333,-0.608528,0,0,0,1,643.2516,662.1973,98.69956</point>
  <point>0.2723132,0.9622092,0,-0.9622091,0.2723131,0,0,0,1,647.4595,621.7706,98.65694</point>
  <point>-0.6085281,0.7935334,0,-0.7935333,-0.608528,0,0,0,1,642.4821,663.1576,98.6864</point>
  <point>-0.2899782,0.9570339,0,-0.9570338,-0.2899782,0,0,0,1,647.8765,653.9305,98.69371</point>
  <point>0.2723132,0.9622092,0,-0.9622091,0.2723131,0,0,0,1,645.4381,613.9703,98.6891</point>
  <point>0.03579011,0.9993698,0,-0.9993689,0.03579023,0,0,0,1,641.7475,636.081,98.26789</point>
  <point>0.005796116,0.9999836,0,-0.9999835,0.005796079,0,0,0,1,635.4136,585.2439,95.63753</point>
  <point>0.2723132,0.9622092,0,-0.9622091,0.2723131,0,0,0,1,646.1581,616.8898,98.69795</point>
  <point>0.2723132,0.9622092,0,-0.9622091,0.2723131,0,0,0,1,644.2927,609.5112,98.68961</point>
  <point>-0.7797127,0.6261413,0,-0.6261417,-0.7797122,0,0,0,1,639.392,704.8413,107.7165</point>
  <point>-0.4024621,0.9154391,0,-0.915439,-0.4024616,0,0,0,1,637.7202,707.3586,107.7165</point>
  <point>0.1254649,0.9920993,0,-0.9920991,0.1254649,0,0,0,1,628.8085,689.8602,97.92961</point>
  <point>0.09067144,0.9958808,0,-0.9958808,0.09067144,0,0,0,1,645.1,642.289,92.642</point>
  <point>0.9918132,-0.1278384,0,0.1278373,0.9918133,0,0,0,1,650.5905,631.2127,88.02411</point>
  <point>-0.2899782,0.9570339,0,-0.9570338,-0.2899782,0,0,0,1,648.8788,650.8871,98.63756</point>
  <point>0.2723132,0.9622092,0,-0.9622091,0.2723131,0,0,0,1,646.6751,618.7125,98.68783</point>
  <point>0.2723132,0.9622092,0,-0.9622091,0.2723131,0,0,0,1,635.7617,590.2085,95.63914</point>
  <point>0.2141257,0.9768082,0,-0.9768079,0.2141259,0,0,0,1,637.8903,711.9004,107.7165</point>
  <point>-0.8000633,-0.599929,0,0.5999285,-0.8000629,0,0,0,1,637.7419,666.0269,100.3574</point>
  <point>-0.4831108,0.8755605,0,-0.8755603,-0.4831108,0,0,0,1,630.5019,678.5508,99.42513</point>
  <point>-0.5598497,0.8285955,0,-0.8285954,-0.5598496,0,0,0,1,631.3677,676.8605,99.68099</point>
  <point>-0.9512916,-0.3083028,0,0.3083021,-0.9512914,0,0,0,1,644.9283,703.3754,107.7165</point>
  <point>0.3576935,0.9338406,0,-0.9338403,0.3576934,0,0,0,1,629.7962,692.7355,97.51923</point>
  <point>0.4130468,0.9107119,0,-0.9107116,0.4130469,0,0,0,1,630.9601,695.4224,97.1264</point>
  <point>-0.6550166,0.7556159,0,-0.7556158,-0.6550165,0,0,0,1,632.1469,675.8772,99.85396</point>
  <point>0.569418,0.8220506,0,-0.8220503,0.5694181,0,0,0,1,633.9325,700.6432,97.11472</point>
  <point>0.3809248,0.924606,0,-0.924606,0.3809248,0,0,0,1,634.41,570.643,101.585</point>
  <point>-0.9807404,0.1953291,0,-0.1953297,-0.9807401,0,0,0,1,642.1188,703.3972,107.7165</point>
  <point>0.09067144,0.9958808,0,-0.9958808,0.09067144,0,0,0,1,643.942,629.239,92.643</point>
  <point>-0.7817064,-0.6236567,0,0.6236558,-0.7817059,0,0,0,1,637.6467,666.708,104.9684</point>
  <point>0.1551693,0.987897,0,-0.9878963,0.1551694,0,0,0,1,642.1973,642.3939,98.26789</point>
  <point>-0.261141,0.9653019,0,-0.9653017,-0.2611409,0,0,0,1,629.2661,681.2767,99.0202</point>
  <point>-0.5598505,0.8285964,0,-0.8285964,-0.55985,0,0,0,1,638.2729,706.2002,107.7266</point>
  <point>-0.9994358,0.0335863,0,-0.0335863,-0.9994358,0,0,0,1,651.274,639.16,88.027</point>
  <point>0.6176867,0.7864268,0,-0.7864265,0.6176867,0,0,0,1,635.9509,703.2429,97.10834</point>
  <point>-0.2899782,0.9570339,0,-0.9570338,-0.2899782,0,0,0,1,648.5008,652.2853,98.68282</point>
  <point>0.8149636,0.5795774,0,-0.5795783,0.814964,0,0,0,1,636.974,573.7648,96.91689</point>
  <point>-0.9236417,0.3833537,0,-0.3833538,-0.9236425,0,0,0,1,637.6193,563.0291,107.4155</point>
  <point>-0.5204771,0.8539189,0,-0.8539194,-0.5204777,0,0,0,1,635.4278,564.9366,107.4226</point>
  <point>-0.1862993,0.9825305,0,-0.9825312,-0.1862996,0,0,0,1,634.483,567.1802,107.4155</point>
  <point>0.4608905,-0.8874973,0,0.887498,0.460891,0,0,0,1,645.7537,571.6619,107.4329</point>
  <point>0.8815075,-0.4722447,0,0.472245,0.8815084,0,0,0,1,643.6795,573.6837,107.4155</point>
  <point>0.9684954,-0.2491725,0,0.2491727,0.9684963,0,0,0,1,642.1498,574.2902,107.4155</point>
  <point>0.9974573,-0.07175746,0,0.07175746,0.9974582,0,0,0,1,640.709,574.5576,107.4276</point>
  <point>0.9741132,0.2262163,0,-0.2262165,0.9741141,0,0,0,1,639.136,574.4019,107.4155</point>
  <point>0.9178756,0.3969564,0,-0.3969568,0.9178765,0,0,0,1,637.8792,573.9783,107.4155</point>
  <point>0.778741,0.6274012,0,-0.6274018,0.7787418,0,0,0,1,636.7697,573.3378,107.4155</point>
  <point>0.6538359,0.7566821,0,-0.756683,0.6538365,0,0,0,1,635.8273,572.457,107.4155</point>
  <point>0.3170566,0.948441,0,-0.9484416,0.3170567,0,0,0,1,637.8167,598.3748,92.68781</point>
  <point>-0.944962,0.3272773,0,-0.3272775,-0.9449626,0,0,0,1,639.1489,595.7194,98.7379</point>
  <point>0.9605814,-0.2781098,0,0.2781099,0.9605821,0,0,0,1,641.1052,602.9946,98.73618</point>
  <point>0.9518065,-0.3067976,0,0.3067977,0.9518071,0,0,0,1,642.5424,601.9257,103.357</point>
  <point>0.9518065,-0.3067976,0,0.3067977,0.9518071,0,0,0,1,641.0804,602.3223,103.3455</point>
  <point>0.9518065,-0.3067976,0,0.3067977,0.9518071,0,0,0,1,639.6376,602.6969,103.3328</point>
  <point>0.2884638,0.9575215,0,-0.9575222,0.2884637,0,0,0,1,639.3633,602.0321,103.3334</point>
  <point>0.2012357,0.9795727,0,-0.9795734,0.2012355,0,0,0,1,638.9891,600.3278,103.3361</point>
  <point>0.2012357,0.9795727,0,-0.9795734,0.2012355,0,0,0,1,638.7512,599.1454,103.3375</point>
  <point>0.2012357,0.9795727,0,-0.9795734,0.2012355,0,0,0,1,638.3064,597.5222,103.3337</point>
  <point>-0.9347173,0.3554734,0,-0.3554734,-0.934718,0,0,0,1,638.0773,596.6511,103.3339</point>
  <point>-0.9347173,0.3554734,0,-0.3554734,-0.934718,0,0,0,1,639.6119,596.2579,103.3456</point>
  <point>-0.9347173,0.3554734,0,-0.3554734,-0.934718,0,0,0,1,640.9482,595.8957,103.3409</point>
  <point>-0.6870448,0.7266546,0,-0.726655,-0.6870454,0,0,0,1,678.1732,655.5299,100.7747</point>
  <point>-0.8559754,0.517072,0,-0.5170722,-0.855976,0,0,0,1,676.9438,654.6041,99.64008</point>
  <point>-0.8559754,0.517072,0,-0.5170722,-0.855976,0,0,0,1,675.024,653.1578,97.71244</point>
  <point>-0.8559754,0.517072,0,-0.5170722,-0.855976,0,0,0,1,673.6437,651.9445,96.33083</point>
  <point>-0.9984277,-0.05656209,0,0.05656234,-0.9984284,0,0,0,1,668.3141,649.4232,94.0274</point>
  <point>-0.9984277,-0.05656209,0,0.05656234,-0.9984284,0,0,0,1,669.8195,649.4552,94.02511</point>
  <point>-0.9984277,-0.05656209,0,0.05656234,-0.9984284,0,0,0,1,671.675,649.2646,94.02479</point>
  <point>-0.9984277,-0.05656209,0,0.05656234,-0.9984284,0,0,0,1,664.0071,647.5338,94.00048</point>
  <point>-0.9984277,-0.05656209,0,0.05656234,-0.9984284,0,0,0,1,662.8209,646.843,93.98283</point>
  <point>-0.9984277,-0.05656209,0,0.05656234,-0.9984284,0,0,0,1,661.449,646.8191,93.97215</point>
  <point>-0.9984277,-0.05656209,0,0.05656234,-0.9984284,0,0,0,1,660.1895,646.8979,93.96284</point>
  <point>-0.9984277,-0.05656209,0,0.05656234,-0.9984284,0,0,0,1,658.737,647.0086,93.95219</point>
  <point>-0.9984277,-0.05656209,0,0.05656234,-0.9984284,0,0,0,1,657.7795,647.0131,94.76714</point>
  <point>-0.9984277,-0.05656209,0,0.05656234,-0.9984284,0,0,0,1,656.6989,646.9554,95.27699</point>
  <point>-0.9984277,-0.05656209,0,0.05656234,-0.9984284,0,0,0,1,663.2868,646.0058,93.42435</point>
  <point>-0.9984277,-0.05656209,0,0.05656234,-0.9984284,0,0,0,1,662.381,645.8688,93.35619</point>
  <point>-0.9984277,-0.05656209,0,0.05656234,-0.9984284,0,0,0,1,661.1272,645.8673,93.30884</point>
  <point>-0.9984277,-0.05656209,0,0.05656234,-0.9984284,0,0,0,1,659.7299,645.823,93.34894</point>
  <point>-0.9984277,-0.05656209,0,0.05656234,-0.9984284,0,0,0,1,658.5166,645.7762,93.39201</point>
  <point>-0.9984277,-0.05656209,0,0.05656234,-0.9984284,0,0,0,1,663.2534,644.9886,93.17579</point>
  <point>-0.9984277,-0.05656209,0,0.05656234,-0.9984284,0,0,0,1,661.7836,644.8785,93.09367</point>
  <point>-0.9984277,-0.05656209,0,0.05656234,-0.9984284,0,0,0,1,660.3367,644.8705,93.08785</point>
  <point>-0.9984277,-0.05656209,0,0.05656234,-0.9984284,0,0,0,1,659.1196,644.7125,93.10616</point>
  <point>-0.9984277,-0.05656209,0,0.05656234,-0.9984284,0,0,0,1,662.5485,644.0276,92.91585</point>
  <point>-0.9984277,-0.05656209,0,0.05656234,-0.9984284,0,0,0,1,661.0949,643.9797,92.8511</point>
  <point>-0.9984277,-0.05656209,0,0.05656234,-0.9984284,0,0,0,1,659.787,643.8701,92.86877</point>
  <point>-0.9984277,-0.05656209,0,0.05656234,-0.9984284,0,0,0,1,658.6118,643.72,92.88748</point>
  <point>-0.989303,-0.1460704,0,0.1460707,-0.9893037,0,0,0,1,648.0245,670.7795,93.75586</point>
  <point>-0.9144998,-0.4046566,0,0.4046572,-0.9145005,0,0,0,1,648.2759,672.9859,94.43159</point>
  <point>-0.8854405,0.4648136,0,-0.4648138,-0.8854413,0,0,0,1,652.379,662.8358,93.71577</point>
  <point>-0.9705493,0.2410196,0,-0.2410196,-0.9705502,0,0,0,1,654.0722,662.3551,93.96143</point>
  <point>-0.8989842,0.4380452,0,-0.4380454,-0.8989851,0,0,0,1,656.4561,661.8921,94.68785</point>
  <point>-0.7879193,0.6158238,0,-0.6158242,-0.7879202,0,0,0,1,676.7225,661.8187,101.2324</point>
  <point>-0.7085314,0.7057186,0,-0.7057192,-0.7085323,0,0,0,1,678.8004,659.799,101.349</point>
  <point>-0.7085314,0.7057186,0,-0.7057192,-0.7085323,0,0,0,1,680.3044,657.1835,101.4103</point>
  <point>-0.8594801,-0.5112229,0,0.5112238,-0.859481,0,0,0,1,673.1035,658.9054,101.2634</point>
  <point>-0.9721694,-0.2343962,0,0.2343968,-0.9721704,0,0,0,1,671.8502,658.1017,101.2517</point>
  <point>-0.9628822,0.2700229,0,-0.2700228,-0.9628835,0,0,0,1,670.6898,657.8943,101.3583</point>
  <point>-0.9117184,0.4108821,0,-0.4108822,-0.9117196,0,0,0,1,668.6707,658.5356,101.5034</point>
  <point>-0.4416176,0.8972336,0,-0.8972343,-0.4416184,0,0,0,1,667.7377,659.2851,101.6002</point>
  <point>-0.9449567,0.3272744,0,-0.3272741,-0.9449577,0,0,0,1,665.6901,660.8718,101.612</point>
  <point>-0.09723638,0.9952865,0,-0.9952872,-0.09723698,0,0,0,1,660.5742,666.6331,101.5867</point>
  <point>0.5585434,0.829505,0,-0.8295061,0.5585434,0,0,0,1,661.4875,670.4908,106.2658</point>
  <point>-0.6422334,0.7665409,0,-0.7665412,-0.6422343,0,0,0,1,662.1997,662.9391,106.2709</point>
  <point>0.9741014,0.2262147,0,-0.2262155,0.974102,0,0,0,1,665.4249,673.181,112.0645</point>
  <point>0.9178643,0.3969528,0,-0.3969536,0.9178647,0,0,0,1,663.8803,672.548,112.0645</point>
  <point>0.8319688,0.5548643,0,-0.5548652,0.8319689,0,0,0,1,662.8443,671.7766,112.0645</point>
  <point>0.4010125,0.9160977,0,-0.9160985,0.4010122,0,0,0,1,661.9198,670.6371,112.0645</point>
  <point>0.3733532,0.9277141,0,-0.9277148,0.3733528,0,0,0,1,661.3106,669.322,112.0645</point>
  <point>0.1123764,0.9936889,0,-0.9936893,0.1123758,0,0,0,1,660.9665,667.5556,112.0645</point>
  <point>-0.09723671,0.9952843,0,-0.9952846,-0.0972373,0,0,0,1,661.0269,666.4263,112.0668</point>
  <point>-0.4416164,0.8972293,0,-0.8972293,-0.4416171,0,0,0,1,661.5033,664.7685,112.0645</point>
  <point>-0.5204707,0.853906,0,-0.8539059,-0.5204713,0,0,0,1,662.1513,663.6645,112.0645</point>
  <point>-0.8060332,0.5919083,0,-0.591908,-0.8060337,0,0,0,1,663.2612,662.5226,112.0645</point>
  <point>-0.8710954,0.4911596,0,-0.4911592,-0.8710958,0,0,0,1,664.3262,661.7738,112.0645</point>
  <point>-0.9956629,0.09327426,0,-0.09327359,-0.9956631,0,0,0,1,665.9313,661.2859,112.0645</point>
  <point>-0.9996687,-0.02658955,0,0.02659024,-0.999669,0,0,0,1,667.247,661.188,112.1842</point>
  <point>0.9964107,-0.0849006,0,0.08489972,0.996411,0,0,0,1,653.192,645.3619,104.7919</point>
  <point>0.9964107,-0.0849006,0,0.08489972,0.996411,0,0,0,1,651.2153,645.6174,104.8139</point>
  <point>0.9997085,-0.02499903,0,0.02499812,0.9997088,0,0,0,1,649.8589,645.7375,104.8042</point>
  <point>0.8703115,0.4925441,0,-0.4925451,0.8703113,0,0,0,1,648.0799,645.6028,104.776</point>
  <point>0.8392106,0.5438451,0,-0.543846,0.8392101,0,0,0,1,647.1088,644.9656,104.7762</point>
  <point>0.2723132,0.9622092,0,-0.9622091,0.2723131,0,0,0,1,646.9647,619.9684,98.67871</point>
  <point>-0.6773869,0.7356282,0,-0.7356281,-0.6773868,0,0,0,1,633.3026,674.5595,100.0862</point>
  <point>0.9615725,-0.2746177,0,0.2746166,0.9615729,0,0,0,1,656.8018,645.3329,98.71412</point>
  <point>-0.1437047,0.9896213,0,-0.9896212,-0.1437047,0,0,0,1,649.2427,649.0937,98.6672</point>
  <point>0.2723132,0.9622092,0,-0.9622091,0.2723131,0,0,0,1,643.9626,607.8015,98.6734</point>
  <point>-0.5598496,0.8285952,0,-0.828595,-0.5598496,0,0,0,1,645.0707,659.6357,98.70639</point>
  <point>0.9918132,-0.1278384,0,0.1278373,0.9918133,0,0,0,1,651.5173,631.9579,98.4866</point>
  <point>-0.584455,0.8114352,0,-0.8114346,-0.5844544,0,0,0,1,634.9374,666.3898,100.3648</point>
  <point>0.00579619,0.9999853,0,-0.9999851,0.005796472,0,0,0,1,637.3158,710.1256,107.7432</point>
  <point>-0.8490624,0.5282975,0,-0.528298,-0.849062,0,0,0,1,640.5162,704.0431,107.7165</point>
  <point>0.2723132,0.9622092,0,-0.9622091,0.2723131,0,0,0,1,643.574,606.4438,98.63295</point>
  <point>0.2723132,0.9622092,0,-0.9622091,0.2723131,0,0,0,1,645.8972,615.5843,98.69717</point>
  <point>0.03579054,0.9993706,0,-0.9993701,0.03579037,0,0,0,1,641.1942,629.533,98.26789</point>
  <point>0.7485025,0.6631384,0,-0.6631378,0.7485029,0,0,0,1,633.6352,671.3889,104.9703</point>
  <point>-0.02420136,0.9997084,0,-0.9997081,-0.02420139,0,0,0,1,628.6485,683.5601,98.78535</point>
  <point>-0.9807481,0.1953322,0,-0.1953321,-0.9807475,0,0,0,1,641.7843,627.8121,98.26788</point>
  <point>-0.225254,0.9743001,0,-0.9743001,-0.225254,0,0,0,1,634.34,566.68,96.927</point>
  <point>-0.584455,0.8114352,0,-0.8114346,-0.5844544,0,0,0,1,632.793,668.88,100.368</point>
  <point>-0.5844544,0.811433,0,-0.8114328,-0.5844535,0,0,0,1,632.8134,669.7285,104.9574</point>
  <point>0.2355617,0.9718595,0,-0.9718595,0.2355617,0,0,0,1,637.912,598.311,98.741</point>
  <point>0.2723132,0.9622092,0,-0.9622091,0.2723131,0,0,0,1,636.6475,593.1584,95.60879</point>
  <point>0.4130469,0.9107119,0,-0.9107116,0.413047,0,0,0,1,632.2858,698.0405,97.12067</point>
  <point>-0.6550194,0.755619,0,-0.7556189,-0.6550185,0,0,0,1,635.9875,666.1428,104.9569</point>
  <point>-0.4297395,0.9029542,0,-0.902954,-0.4297394,0,0,0,1,629.8693,679.7042,99.24383</point>
  <point>-0.2899781,0.9570336,0,-0.9570335,-0.2899781,0,0,0,1,636.5453,579.2695,95.62768</point>
  <point>-0.9943404,0.1063936,0,-0.106393,-0.9943408,0,0,0,1,653.3783,638.1669,98.49146</point>
  <point>-0.584462,0.8114462,0,-0.8114457,-0.5844627,0,0,0,1,645.3444,626.4226,104.7763</point>
  <point>-0.1733241,0.9848652,0,-0.9848651,-0.1733241,0,0,0,1,636.0127,580.7972,95.64258</point>
  <point>-0.1764644,-0.9843243,0,0.9843249,-0.1764635,0,0,0,1,650.993,637.9388,98.47513</point>
  <point>-0.1764644,-0.9843243,0,0.9843249,-0.1764635,0,0,0,1,650.5106,633.3141,98.47751</point>
  <point>0.3010602,0.953627,0,-0.953627,0.3010593,0,0,0,1,646.125,642.9147,104.7789</point>
  <point>0.9918132,-0.1278384,0,0.1278373,0.9918133,0,0,0,1,652.8654,631.7961,98.4897</point>
  <point>-0.1764644,-0.9843243,0,0.9843249,-0.1764635,0,0,0,1,650.6908,634.8328,98.47699</point>
  <point>-0.7605928,0.6492603,0,-0.6492595,-0.7605934,0,0,0,1,646.2181,625.5297,105.0399</point>
  <point>-0.9943439,0.1063946,0,-0.1063937,-0.9943441,0,0,0,1,648.0193,625.1461,104.8083</point>
  <point>-0.02420042,0.9997278,0,-0.9997275,-0.02420128,0,0,0,1,644.8168,627.5722,104.7764</point>
  <point>-0.9943439,0.1063946,0,-0.1063937,-0.9943441,0,0,0,1,649.4354,624.9372,104.8513</point>
  <point>-0.02420042,0.9997279,0,-0.9997275,-0.02420129,0,0,0,1,644.7868,628.7756,104.7795</point>
  <point>0.1254688,0.9921185,0,-0.9921183,0.1254679,0,0,0,1,645.2286,633.7089,104.8073</point>
  <point>0.1254688,0.9921186,0,-0.9921184,0.1254679,0,0,0,1,645.3183,635.069,104.8002</point>
  <point>-0.1764644,-0.9843243,0,0.9843249,-0.1764635,0,0,0,1,650.8528,636.5322,98.47688</point>
  <point>-0.9943404,0.1063936,0,-0.106393,-0.9943408,0,0,0,1,652.4318,638.2182,98.49128</point>
  <point>-0.994338,0.1063937,0,-0.1063933,-0.9943378,0,0,0,1,642.3663,641.0551,98.26788</point>
  <point>0.1254688,0.9921186,0,-0.9921184,0.1254679,0,0,0,1,645.4727,636.7289,104.8068</point>
  <point>0.1254688,0.9921186,0,-0.9921184,0.1254679,0,0,0,1,645.5874,638.0959,104.804</point>
  <point>-0.1437046,0.989621,0,-0.9896209,-0.1437047,0,0,0,1,635.7281,582.1181,95.64461</point>
  <point>-0.2899781,0.9570336,0,-0.9570335,-0.2899781,0,0,0,1,636.9954,577.8294,95.59053</point>
  <point>0.2723132,0.9622092,0,-0.9622091,0.2723131,0,0,0,1,643.1764,604.7092,98.57835</point>
  <point>0.3295293,0.9441674,0,-0.9441676,0.3295284,0,0,0,1,646.451,644.0423,104.7763</point>
  <point>0.2355617,0.9718595,0,-0.9718595,0.2355617,0,0,0,1,638.777,601.48,98.747</point>
  <point>0.2723132,0.9622092,0,-0.9622091,0.2723131,0,0,0,1,637.0429,594.3989,95.5947</point>
</points>