<?xml version="1.0" encoding="UTF-8"?>
<points>
  <point>-0.2649435,-0.9643198,0,0.9643198,-0.2649435,0,0,0,1,2047.92,1590.629,288.9734</point>
  <point>-0.2649435,-0.9643198,0,0.9643198,-0.2649435,0,0,0,1,2047.705,1589.389,288.9078</point>
  <point>-0.1771995,-0.9842297,0,0.9842297,-0.1771995,0,0,0,1,2047.549,1588.243,288.9284</point>
  <point>-0.1771995,-0.9842297,0,0.9842297,-0.1771995,0,0,0,1,2047.501,1587.026,288.9641</point>
  <point>0.00186963,-1.000052,0,1.000052,0.00186963,0,0,0,1,2050.852,1579.314,289.0585</point>
  <point>0.00186963,-1.000052,0,1.000052,0.00186963,0,0,0,1,2051.123,1577.273,289.068</point>
  <point>0.00186963,-1.000052,0,1.000052,0.00186963,0,0,0,1,2051.27,1576.32,289.0727</point>
  <point>0.00186963,-1.000052,0,1.000052,0.00186963,0,0,0,1,2051.68,1568.343,289.0547</point>
  <point>0.00186963,-1.000052,0,1.000052,0.00186963,0,0,0,1,2051.911,1567.02,289.1428</point>
  <point>0.00186963,-1.000052,0,1.000052,0.00186963,0,0,0,1,2051.934,1566.194,289.1526</point>
  <point>0.00186963,-1.000052,0,1.000052,0.00186963,0,0,0,1,2051.602,1582.159,288.9089</point>
  <point>-0.05810088,-0.9983649,0,0.9983649,-0.05810088,0,0,0,1,2051.484,1584.259,288.9</point>
  <point>-0.05810088,-0.9983649,0,0.9983649,-0.05810088,0,0,0,1,2052.032,1586.556,288.9</point>
  <point>-0.3222913,-0.9466981,0,0.9466981,-0.3222913,0,0,0,1,2052.538,1588.524,288.9001</point>
  <point>-0.433305,-0.9013079,0,0.9013079,-0.433305,0,0,0,1,2053.176,1590.411,288.9014</point>
  <point>-0.433305,-0.9013079,0,0.9013079,-0.433305,0,0,0,1,2053.854,1592.714,289.1083</point>
  <point>-0.433305,-0.9013079,0,0.9013079,-0.433305,0,0,0,1,2054.907,1594.498,289.3055</point>
  <point>0.001869623,-1.000053,0,1.000053,0.001869623,0,0,0,1,2055.266,1596.309,289.3882</point>
  <point>-0.5876657,-0.8091724,0,0.8091724,-0.5876657,0,0,0,1,2048.988,1544.037,289.0074</point>
  <point>-0.4060753,-0.9139004,0,0.9139004,-0.4060753,0,0,0,1,2048.538,1542.53,289.0117</point>
  <point>-0.264944,-0.9643214,0,0.9643214,-0.264944,0,0,0,1,2048.28,1540.499,289.0694</point>
  <point>-0.1178626,-0.9930859,0,0.9930859,-0.1178626,0,0,0,1,2047.762,1538.242,288.9301</point>
  <point>0.06183342,-0.9981422,0,0.9981422,0.06183342,0,0,0,1,2047.84,1536.109,288.9301</point>
  <point>0.06183342,-0.9981422,0,0.9981422,0.06183342,0,0,0,1,2048.771,1534.602,288.9172</point>
  <point>0.06183342,-0.9981422,0,0.9981422,0.06183342,0,0,0,1,2050.213,1532.96,288.8827</point>
  <point>0.06183342,-0.9981422,0,0.9981422,0.06183342,0,0,0,1,2051.111,1530.902,288.9063</point>
  <point>0.06183342,-0.9981422,0,0.9981422,0.06183342,0,0,0,1,2052.315,1529.076,288.8907</point>
  <point>0.06183342,-0.9981422,0,0.9981422,0.06183342,0,0,0,1,2052.786,1526.582,288.8787</point>
  <point>0.3819381,-0.9242482,0,0.9242482,0.3819381,0,0,0,1,2052.951,1524.296,288.8409</point>
  <point>0.5157673,-0.8567938,0,0.8567938,0.5157673,0,0,0,1,2052.681,1522.642,288.8238</point>
  <point>0.5157673,-0.8567938,0,0.8567938,0.5157673,0,0,0,1,2052.894,1520.758,288.7664</point>
  <point>0.6608258,-0.7506137,0,0.7506137,0.6608258,0,0,0,1,2053.188,1518.898,288.7276</point>
  <point>0.6608258,-0.7506137,0,0.7506137,0.6608258,0,0,0,1,2054.086,1516.668,288.7515</point>
  <point>0.6608258,-0.7506137,0,0.7506137,0.6608258,0,0,0,1,2054.78,1514.679,288.8225</point>
  <point>0.6608261,-0.7506142,0,0.7506142,0.6608261,0,0,0,1,2050.568,1522.609,288.9301</point>
  <point>0.6608261,-0.7506142,0,0.7506142,0.6608261,0,0,0,1,2047.982,1522.296,289.1427</point>
  <point>0.6608261,-0.7506144,0,0.7506144,0.6608261,0,0,0,1,2046.244,1526.303,289.1449</point>
  <point>0.3819382,-0.9242492,0,0.9242492,0.3819382,0,0,0,1,2045.87,1528.044,289.1451</point>
  <point>0.2973223,-0.9548369,0,0.9548369,0.2973223,0,0,0,1,2046.941,1530.37,289.1453</point>
  <point>0.2973223,-0.9548369,0,0.9548369,0.2973223,0,0,0,1,2045.758,1532.494,289.145</point>
  <point>0.2973223,-0.9548369,0,0.9548369,0.2973223,0,0,0,1,2046.19,1534.572,289.1452</point>
  <point>0.2973223,-0.9548369,0,0.9548369,0.2973223,0,0,0,1,2045.359,1537.28,288.9301</point>
  <point>0.03186561,-0.9995492,0,0.9995492,0.03186561,0,0,0,1,2046.384,1539.406,289.145</point>
  <point>0.9808189,-0.1949294,0,0.1949294,0.9808189,0,0,0,1,2094.063,1521.96,300.4899</point>
  <point>0.6107301,0.7918397,0,-0.7918397,0.6107301,0,0,0,1,2086.827,1519.765,300.4736</point>
  <point>-0.7071134,-0.7071258,0,0.7071258,-0.7071134,0,0,0,1,2068.546,1609.738,296.5035</point>
  <point>-0.6855854,-0.7280182,0,0.7280182,-0.6855854,0,0,0,1,2068.603,1613.041,296.4777</point>
  <point>0.6553342,-0.7553608,0,0.7553608,0.6553342,0,0,0,1,2068.463,1601.431,296.5252</point>
  <point>-0.4126826,-0.910894,0,0.910894,-0.4126826,0,0,0,1,2068.594,1606.479,296.4837</point>
  <point>0.3426582,0.9395227,0,-0.9395227,0.3426582,0,0,0,1,2085.569,1514.368,304.0764</point>
  <point>0.7608553,-0.6489469,0,0.6489469,0.7608553,0,0,0,1,2069.941,1597.643,301.24</point>
  <point>0.7608553,-0.6489469,0,0.6489469,0.7608553,0,0,0,1,2067.174,1597.788,301.24</point>
  <point>0.9833043,-0.1819808,0,0.1819808,0.9833043,0,0,0,1,2047.87,1491.549,294.8529</point>
  <point>0.9980172,-0.06295853,0,0.06295853,0.9980172,0,0,0,1,2063.341,1552.522,296.349</point>
  <point>0.91431,0.40502,0,-0.40502,0.91431,0,0,0,1,2064.947,1552.523,296.349</point>
  <point>-0.7353645,0.6776727,0,-0.6776727,-0.7353645,0,0,0,1,2065.045,1557.908,296.349</point>
  <point>-0.9985106,0.05456555,0,-0.05456555,-0.9985106,0,0,0,1,2063.136,1557.934,296.349</point>
  <point>0.9833043,-0.1819808,0,0.1819808,0.9833043,0,0,0,1,2048.797,1491.961,295.015</point>
  <point>0.1607259,-0.9870018,0,0.9870018,0.1607259,0,0,0,1,2071.044,1595.804,296.3322</point>
  <point>0.9982417,-0.05933607,0,0.05933607,0.9982417,0,0,0,1,2069.991,1597.821,296.361</point>
  <point>-0.9999644,-0.009036619,0,0.009036619,-0.9999644,0,0,0,1,2062.629,1621.938,296.4557</point>
  <point>0.9406765,-0.3393127,0,0.3393127,0.9406765,0,0,0,1,2097.638,1517.253,304.0764</point>
  <point>-0.4665626,-0.8845102,0,0.8845102,-0.4665626,0,0,0,1,2068.621,1617.67,296.5053</point>
  <point>0.5601965,-0.8283834,0,0.8283834,0.5601965,0,0,0,1,2071.093,1627.859,296.4128</point>
  <point>0.2324681,-0.9726243,0,0.9726243,0.2324681,0,0,0,1,2068.629,1623.86,301.2035</point>
  <point>0.9999052,0.01381401,0,-0.01381401,0.9999052,0,0,0,1,2071.889,1560.686,296.3603</point>
  <point>0.9999052,0.01381401,0,-0.01381401,0.9999052,0,0,0,1,2070.324,1560.634,296.36</point>
  <point>-0.9992881,0.03776908,0,-0.03776908,-0.9992881,0,0,0,1,2073.658,1550.384,296.349</point>
  <point>0.8794051,-0.4760746,0,0.4760746,0.8794051,0,0,0,1,2064.501,1511.857,296.2999</point>
  <point>0.9999052,0.01381401,0,-0.01381401,0.9999052,0,0,0,1,2073.665,1560.667,296.3601</point>
  <point>0.9995345,0.03062441,0,-0.03062441,0.9995345,0,0,0,1,2075.057,1560.731,296.3607</point>
  <point>0.4301141,-0.9027963,0,0.9027963,0.4301141,0,0,0,1,2068.702,1625.194,301.2044</point>
  <point>0.1441091,-0.9895716,0,0.9895716,0.1441091,0,0,0,1,2075.607,1557.481,297.6128</point>
  <point>0.05458454,-0.9985189,0,0.9985189,0.05458454,0,0,0,1,2075.766,1553.414,297.6109</point>
  <point>0.6480823,-0.7615847,0,0.7615847,0.6480823,0,0,0,1,2096.875,1519.334,296.3947</point>
  <point>0.8256971,-0.5641273,0,0.5641273,0.8256971,0,0,0,1,2083.818,1518.088,296.5446</point>
  <point>0.5095077,-0.8604691,0,0.8604691,0.5095077,0,0,0,1,2070.492,1539.429,296.6293</point>
  <point>0.7708502,0.6370263,0,-0.6370263,0.7708502,0,0,0,1,2089.568,1521.801,304.0764</point>
  <point>-0.9278603,-0.3729913,0,0.3729913,-0.9278603,0,0,0,1,2065.646,1552.39,302.3078</point>
  <point>0.587739,-0.8090871,0,0.8090871,0.587739,0,0,0,1,2062.714,1564.833,296.3583</point>
  <point>0.7321371,-0.6811964,0,0.6811964,0.7321371,0,0,0,1,2062.752,1562.389,296.3583</point>
  <point>-0.08927063,0.9960114,0,-0.9960114,-0.08927063,0,0,0,1,2063.122,1553.836,302.3078</point>
  <point>0.8794051,-0.4760746,0,0.4760746,0.8794051,0,0,0,1,2071.618,1519.933,296.496</point>
  <point>0.8794101,-0.4760775,0,0.4760775,0.8794101,0,0,0,1,2073.553,1520.018,296.5876</point>
  <point>0.677689,-0.7353556,0,0.7353556,0.677689,0,0,0,1,2070.936,1523.573,296.6442</point>
  <point>-0.8905806,-0.4548761,0,0.4548761,-0.8905806,0,0,0,1,2068.802,1552.421,302.3078</point>
  <point>-0.9219452,0.3873803,0,-0.3873803,-0.9219452,0,0,0,1,2066.738,1552.316,302.3078</point>
  <point>-0.9530305,0.3029492,0,-0.3029492,-0.9530305,0,0,0,1,2069.647,1552.495,302.3078</point>
  <point>0.9711933,0.2383149,0,-0.2383149,0.9711933,0,0,0,1,2092.075,1522.299,304.0764</point>
  <point>-0.9442774,-0.3291542,0,0.3291542,-0.9442774,0,0,0,1,2065.877,1591.297,301.24</point>
  <point>-0.3291385,-0.9442868,0,0.9442868,-0.3291385,0,0,0,1,2070.833,1525.056,296.6168</point>
  <point>-0.6443735,-0.764711,0,0.764711,-0.6443735,0,0,0,1,2093.947,1619.239,300.4585</point>
  <point>-0.9769108,-0.2137488,0,0.2137488,-0.9769108,0,0,0,1,2088.38,1616.771,304.0704</point>
  <point>0.9048367,-0.4257737,0,0.4257737,0.9048367,0,0,0,1,2071.556,1558.055,302.3078</point>
  <point>0.864736,-0.5022424,0,0.5022424,0.864736,0,0,0,1,2079.992,1519.812,296.5822</point>
  <point>-0.9228408,-0.3851846,0,0.3851846,-0.9228408,0,0,0,1,2068.783,1591.304,301.24</point>
  <point>0.9326885,-0.3606829,0,0.3606829,0.9326885,0,0,0,1,2093.947,1521.932,296.3941</point>
  <point>-0.9378082,0.3472173,0,-0.3472173,-0.9378082,0,0,0,1,2085.838,1617.614,304.0704</point>
  <point>0.9999532,0.01018577,0,-0.01018577,0.9999532,0,0,0,1,2062.966,1558.023,302.3078</point>
  <point>0.7222127,0.6916908,0,-0.6916908,0.7222127,0,0,0,1,2074.347,1566.914,296.3751</point>
  <point>-0.4665626,-0.8845102,0,0.8845102,-0.4665626,0,0,0,1,2068.551,1614.571,296.4823</point>
  <point>0.8629062,-0.5053757,0,0.5053757,0.8629062,0,0,0,1,2068.329,1558.032,302.3078</point>
  <point>-0.00920363,0.9999576,0,-0.9999576,-0.00920363,0,0,0,1,2065.748,1556.383,296.349</point>
  <point>-0.9895868,0.1440939,0,-0.1440939,-0.9895868,0,0,0,1,2082.5,1621.765,304.0704</point>
  <point>0.8330697,-0.5531958,0,0.5531958,0.8330697,0,0,0,1,2069.241,1586.907,296.6001</point>
  <point>-0.6855828,-0.7280164,0,0.7280164,-0.6855828,0,0,0,1,2069.445,1585.646,296.6035</point>
  <point>-0.9435135,0.3313991,0,-0.3313991,-0.9435135,0,0,0,1,2072.859,1552.502,302.3078</point>
  <point>0.7205727,-0.693403,0,0.693403,0.7205727,0,0,0,1,2069.509,1580.485,296.5905</point>
  <point>-0.5187584,-0.8549383,0,0.8549383,-0.5187584,0,0,0,1,2069.322,1582.503,296.5629</point>
  <point>0.6088605,-0.793298,0,0.793298,0.6088605,0,0,0,1,2068.459,1597.642,301.24</point>
  <point>-0.1250618,-0.9921591,0,0.9921591,-0.1250618,0,0,0,1,2069.42,1579.012,296.5924</point>
  <point>0.4268323,-0.9043406,0,0.9043406,0.4268323,0,0,0,1,2075.37,1553.186,302.3078</point>
  <point>0.6776929,-0.7353593,0,0.7353593,0.6776929,0,0,0,1,2069.848,1573.939,296.5811</point>
  <point>-0.5690883,-0.8222898,0,0.8222898,-0.5690883,0,0,0,1,2069.856,1572.83,296.586</point>
  <point>0.5601928,-0.8283761,0,0.8283761,0.5601928,0,0,0,1,2069.989,1571.103,296.6195</point>
  <point>-0.5690889,-0.8222905,0,0.8222905,-0.5690889,0,0,0,1,2069.963,1569.719,296.5857</point>
  <point>-0.5187584,-0.8549383,0,0.8549383,-0.5187584,0,0,0,1,2069.086,1588.743,296.5946</point>
  <point>-0.8905798,-0.4548757,0,0.4548757,-0.8905798,0,0,0,1,2071.838,1552.473,302.3078</point>
  <point>0.7205727,-0.693403,0,0.693403,0.7205727,0,0,0,1,2069.49,1583.804,296.5714</point>
  <point>-0.08927063,0.9960114,0,-0.9960114,-0.08927063,0,0,0,1,2062.98,1556.686,302.3078</point>
  <point>-0.6145247,-0.7889357,0,0.7889357,-0.6145247,0,0,0,1,2062.825,1547.89,296.3594</point>
  <point>-0.7844433,-0.620249,0,0.620249,-0.7844433,0,0,0,1,2062.937,1548.663,296.3617</point>
  <point>0.3506368,-0.9365432,0,0.9365432,0.3506368,0,0,0,1,2062.626,1565.665,296.3571</point>
  <point>0.7608525,-0.6489447,0,0.6489447,0.7608525,0,0,0,1,2070.219,1567.674,296.4242</point>
  <point>0.9504388,-0.3109472,0,0.3109472,0.9504388,0,0,0,1,2072.236,1566.696,296.4042</point>
  <point>-0.2754133,-0.9613349,0,0.9613349,-0.2754133,0,0,0,1,2075.296,1554.537,302.3078</point>
  <point>0.4527047,-0.8916605,0,0.8916605,0.4527047,0,0,0,1,2097.429,1519.052,300.4803</point>
  <point>0.8822519,0.470794,0,-0.470794,0.8822519,0,0,0,1,2073.302,1558.041,302.3078</point>
  <point>0.00186963,-1.000052,0,1.000052,0.00186963,0,0,0,1,2050.838,1578.315,289.0614</point>
  <point>0.00186963,-1.000052,0,1.000052,0.00186963,0,0,0,1,2051.722,1569.912,289.0843</point>
  <point>0.00186963,-1.000052,0,1.000052,0.00186963,0,0,0,1,2051.418,1571.255,288.9</point>
  <point>0.00186963,-1.000052,0,1.000052,0.00186963,0,0,0,1,2051.386,1573.032,289.0841</point>
  <point>0.00186963,-1.000052,0,1.000052,0.00186963,0,0,0,1,2051.384,1574.245,289.0804</point>
  <point>0.00186963,-1.000052,0,1.000052,0.00186963,0,0,0,1,2051.356,1575.306,289.0768</point>
  <point>0.02460779,-0.9997185,0,0.9997185,0.02460779,0,0,0,1,2093.354,1618.512,304.0704</point>
  <point>-0.6320563,-0.7749225,0,0.7749225,-0.6320563,0,0,0,1,2093.796,1619.17,296.388</point>
  <point>0.9992928,-0.03891929,0,0.03891929,0.9992928,0,0,0,1,2073.334,1513.365,296.5734</point>
  <point>-0.2649434,-0.9643196,0,0.9643196,-0.2649434,0,0,0,1,2048.202,1591.69,289.0281</point>
  <point>-0.5631286,-0.8264341,0,0.8264341,-0.5631286,0,0,0,1,2049.941,1595.742,289.446</point>
  <point>-0.3505427,-0.936604,0,0.936604,-0.3505427,0,0,0,1,2049.293,1594.336,289.2895</point>
  <point>-0.3505427,-0.936604,0,0.936604,-0.3505427,0,0,0,1,2048.784,1592.935,289.1555</point>
  <point>-0.74582,-0.6661546,0,0.6661546,-0.74582,0,0,0,1,2062.828,1622.573,301.2316</point>
  <point>-0.9999714,-0.01266604,0,0.01266604,-0.9999714,0,0,0,1,2067.44,1621.707,301.21</point>
  <point>-0.9623367,-0.2719439,0,0.2719439,-0.9623367,0,0,0,1,2070.879,1620.786,296.4341</point>
  <point>0.999905,0.01381402,0,-0.01381402,0.999905,0,0,0,1,2082.824,1512.94,296.5857</point>
  <point>1.000002,0.0006291717,0,-0.0006291717,1.000002,0,0,0,1,2081.246,1512.976,296.5841</point>
  <point>1.000002,0.0006291717,0,-0.0006291717,1.000002,0,0,0,1,2079.396,1513.023,296.5842</point>
  <point>1.000002,0.0006291717,0,-0.0006291717,1.000002,0,0,0,1,2076.069,1513.168,296.5949</point>
  <point>1.000002,0.0006291717,0,-0.0006291717,1.000002,0,0,0,1,2074.763,1513.183,296.5943</point>
  <point>1.000002,0.0006291717,0,-0.0006291717,1.000002,0,0,0,1,2077.738,1513.076,296.59</point>
  <point>-0.8833783,0.4686652,0,-0.4686652,-0.8833783,0,0,0,1,2075.436,1550.357,296.349</point>
  <point>-0.9992881,0.03776908,0,-0.03776908,-0.9992881,0,0,0,1,2070.534,1550.348,296.3599</point>
  <point>-0.9992881,0.03776908,0,-0.03776908,-0.9992881,0,0,0,1,2072.044,1550.369,296.349</point>
  <point>0.9938874,0.11085,0,-0.11085,0.9938874,0,0,0,1,2065.04,1519.367,296.4738</point>
  <point>0.9527078,-0.304052,0,0.304052,0.9527078,0,0,0,1,2064.398,1519.311,296.4838</point>
  <point>0.9001787,0.4355347,0,-0.4355347,0.9001787,0,0,0,1,2088.148,1521.183,304.0764</point>
  <point>0.9888703,-0.1488169,0,0.1488169,0.9888703,0,0,0,1,2090.61,1522.101,304.0764</point>
  <point>0.4301141,-0.9027963,0,0.9027963,0.4301141,0,0,0,1,2068.714,1626.955,301.21</point>
  <point>0.4301141,-0.9027963,0,0.9027963,0.4301141,0,0,0,1,2068.696,1622.581,301.21</point>
  <point>-0.5690953,-0.8222976,0,0.8222976,-0.5690953,0,0,0,1,2090.943,1617.038,304.0704</point>
  <point>0.7088062,-0.7054147,0,0.7054147,0.7088062,0,0,0,1,2097.14,1517.774,304.0764</point>
  <point>-0.9623367,-0.2719439,0,0.2719439,-0.9623367,0,0,0,1,2074.297,1620.709,296.4561</point>
  <point>0.8776785,-0.4792656,0,0.4792656,0.8776785,0,0,0,1,2074.802,1558.135,302.3078</point>
  <point>-0.9477835,0.318924,0,-0.318924,-0.9477835,0,0,0,1,2074.64,1544.1,296.3677</point>
  <point>-0.4126763,-0.9108809,0,0.9108809,-0.4126763,0,0,0,1,2070.404,1541.015,296.6226</point>
  <point>0.6553342,-0.7553608,0,0.7553608,0.6553342,0,0,0,1,2065.554,1597.701,301.24</point>
  <point>-0.3291371,-0.9442844,0,0.9442844,-0.3291371,0,0,0,1,2070.477,1537.828,296.6327</point>
  <point>0.7410371,-0.6714677,0,0.6714677,0.7410371,0,0,0,1,2070.661,1532.872,296.6192</point>
  <point>-0.9339814,-0.3573306,0,0.3573306,-0.9339814,0,0,0,1,2073.063,1544.056,296.3907</point>
  <point>-0.4665539,-0.884496,0,0.884496,-0.4665539,0,0,0,1,2070.719,1531.435,296.6232</point>
  <point>0.6553257,-0.7553506,0,0.7553506,0.6553257,0,0,0,1,2070.753,1529.865,296.6201</point>
  <point>-0.6406867,-0.7678072,0,0.7678072,-0.6406867,0,0,0,1,2070.826,1528.257,296.6016</point>
  <point>0.6323741,-0.7746685,0,0.7746685,0.6323741,0,0,0,1,2070.803,1526.751,296.6081</point>
  <point>-0.2265898,-0.9739923,0,0.9739923,-0.2265898,0,0,0,1,2070.92,1522.108,296.6128</point>
  <point>0.7998171,0.6002545,0,-0.6002545,0.7998171,0,0,0,1,2075.236,1519.884,296.5941</point>
  <point>-0.7933127,0.6088507,0,-0.6088507,-0.7933127,0,0,0,1,2085.056,1618.277,304.0704</point>
  <point>-0.4665626,-0.8845102,0,0.8845102,-0.4665626,0,0,0,1,2068.577,1619.396,296.5054</point>
  <point>-0.9999866,-0.005407341,0,0.005407341,-0.9999866,0,0,0,1,2070.773,1591.551,301.24</point>
  <point>-0.9378082,0.3472173,0,-0.3472173,-0.9378082,0,0,0,1,2087.369,1617.021,304.0704</point>
  <point>-0.4665626,-0.8845102,0,0.8845102,-0.4665626,0,0,0,1,2068.587,1616.166,296.5135</point>
  <point>0.02579346,-0.9996673,0,0.9996673,0.02579346,0,0,0,1,2071.417,1592.823,296.4644</point>
  <point>-0.9623367,-0.2719439,0,0.2719439,-0.9623367,0,0,0,1,2075.73,1620.637,296.4623</point>
  <point>-0.00820374,0.9999663,0,-0.9999663,-0.00820374,0,0,0,1,2065.769,1555.061,296.349</point>
  <point>-0.9623367,-0.2719439,0,0.2719439,-0.9623367,0,0,0,1,2072.238,1620.818,296.4552</point>
  <point>0.9322649,0.3617906,0,-0.3617906,0.9322649,0,0,0,1,2067.027,1557.995,302.3078</point>
  <point>0.8330627,-0.5531912,0,0.5531912,0.8330627,0,0,0,1,2076.637,1519.852,296.595</point>
  <point>-0.9273261,0.3742545,0,-0.3742545,-0.9273261,0,0,0,1,2086.57,1617.359,300.4823</point>
  <point>0.817463,0.575994,0,-0.575994,0.817463,0,0,0,1,2078.402,1519.876,296.595</point>
  <point>0.8659185,0.5001876,0,-0.5001876,0.8659185,0,0,0,1,2089.167,1521.845,300.4619</point>
  <point>0.6553342,-0.7553608,0,0.7553608,0.6553342,0,0,0,1,2068.583,1599.852,296.483</point>
  <point>-0.9623367,-0.2719439,0,0.2719439,-0.9623367,0,0,0,1,2080.755,1620.329,296.4568</point>
  <point>0.9426979,0.3336643,0,-0.3336643,0.9426979,0,0,0,1,2070.229,1558.052,302.3078</point>
  <point>0.08768361,0.9961483,0,-0.9961483,0.08768361,0,0,0,1,2065.797,1553.886,296.349</point>
  <point>-0.9623367,-0.2719439,0,0.2719439,-0.9623367,0,0,0,1,2078.844,1620.408,296.4621</point>
  <point>0.9397151,-0.3419583,0,0.3419583,0.9397151,0,0,0,1,2091.255,1629.247,296.3883</point>
  <point>0.5350964,-0.844812,0,0.844812,0.5350964,0,0,0,1,2068.538,1607.796,296.4995</point>
  <point>0.9621532,0.2725092,0,-0.2725092,0.9621532,0,0,0,1,2090.006,1522.153,296.3943</point>
  <point>0.9246759,0.3807728,0,-0.3807728,0.9246759,0,0,0,1,2086.115,1518.925,304.0764</point>
  <point>0.7113613,-0.7028373,0,0.7028373,0.7113613,0,0,0,1,2082.791,1519.729,296.571</point>
  <point>-0.9769108,-0.2137488,0,0.2137488,-0.9769108,0,0,0,1,2089.894,1616.828,304.0704</point>
  <point>0.6994506,-0.7147069,0,0.7147069,0.6994506,0,0,0,1,2068.564,1611.013,296.5005</point>
  <point>-0.9726092,-0.2324467,0,0.2324467,-0.9726092,0,0,0,1,2090.515,1617.095,296.3883</point>
  <point>0.1701521,-0.9854252,0,0.9854252,0.1701521,0,0,0,1,2075.398,1557.182,302.3078</point>
  <point>0.8505315,0.5259399,0,-0.5259399,0.8505315,0,0,0,1,2081.823,1519.76,296.5897</point>
  <point>-0.9164849,-0.4000695,0,0.4000695,-0.9164849,0,0,0,1,2091.415,1617.421,300.4565</point>
  <point>0.6255187,0.7802091,0,-0.7802091,0.6255187,0,0,0,1,2086.753,1519.955,296.394</point>
  <point>0.8076622,0.5896571,0,-0.5896571,0.8076622,0,0,0,1,2087.234,1520.133,304.0764</point>
  <point>-0.9317503,0.3630999,0,-0.3630999,-0.9317503,0,0,0,1,2086.562,1617.417,296.3881</point>
  <point>-0.4126826,-0.910894,0,0.910894,-0.4126826,0,0,0,1,2068.539,1603.254,296.4967</point>
  <point>-0.9623367,-0.2719439,0,0.2719439,-0.9623367,0,0,0,1,2077.598,1620.472,296.4611</point>
  <point>-0.9998623,-0.01659189,0,0.01659189,-0.9998623,0,0,0,1,2070.223,1591.234,296.4881</point>
  <point>0.8916573,-0.4527229,0,0.4527229,0.8916573,0,0,0,1,2064.978,1558.011,302.3078</point>
  <point>-0.9991462,0.0413954,0,-0.0413954,-0.9991462,0,0,0,1,2063.242,1552.673,302.3078</point>
  <point>-0.7889074,-0.6145271,0,0.6145271,-0.7889074,0,0,0,1,2074.527,1552.732,302.3078</point>
  <point>-0.9921473,-0.1250789,0,0.1250789,-0.9921473,0,0,0,1,2092.48,1617.856,304.0704</point>
  <point>-0.9954534,-0.09526274,0,0.09526274,-0.9954534,0,0,0,1,2067.502,1591.434,301.24</point>
  <point>-0.5411292,-0.8409753,0,0.8409753,-0.5411292,0,0,0,1,2062.929,1544.804,296.3589</point>
  <point>-0.4365628,-0.8997072,0,0.8997072,-0.4365628,0,0,0,1,2062.959,1545.824,296.3601</point>
  <point>0.02579346,-0.9996673,0,0.9996673,0.02579346,0,0,0,1,2071.255,1596.01,296.288</point>
  <point>0.315502,-0.9489338,0,0.9489338,0.315502,0,0,0,1,2075.343,1555.971,302.3078</point>
  <point>0.5847918,-0.8112052,0,0.8112052,0.5847918,0,0,0,1,2068.579,1604.697,296.4898</point>
  <point>-0.7933127,0.6088507,0,-0.6088507,-0.7933127,0,0,0,1,2083.802,1619.426,304.0704</point>
  <point>0.8435203,0.5371068,0,-0.5371068,0.8435203,0,0,0,1,2085.664,1516.796,304.0764</point>
</points>