<?xml version="1.0" encoding="UTF-8"?>
<points>
  <point>-0.8148287,0.5797548,0,-0.5797548,-0.8148287,0,0,0,1,509.2209,641.8132,2.309109</point>
  <point>-0.9587323,0.2844348,0,-0.2844348,-0.9587323,0,0,0,1,484.9692,677.1429,6.437499</point>
  <point>0.3593923,0.9332041,0,-0.9332041,0.3593923,0,0,0,1,508.2957,622.0422,15.80985</point>
  <point>-0.1419113,0.9898958,0,-0.9898958,-0.1419113,0,0,0,1,508.0333,620.0551,15.80985</point>
  <point>-0.2076856,-0.9782243,0,0.9782243,-0.2076856,0,0,0,1,395.4232,670.596,4.965108</point>
  <point>-0.6306595,0.7760804,0,-0.7760804,-0.6306595,0,0,0,1,509.763,616.025,15.80985</point>
  <point>-0.9292817,0.3694505,0,-0.3694505,-0.9292817,0,0,0,1,417.2634,691.5552,7.444396</point>
  <point>-0.8481306,0.5298541,0,-0.5298541,-0.8481306,0,0,0,1,473.4418,684.467,6.412501</point>
  <point>-0.9497692,0.3130645,0,-0.3130645,-0.9497692,0,0,0,1,482.3225,678.545,6.436501</point>
  <point>0.44182,0.8971411,0,-0.8971411,0.44182,0,0,0,1,507.9556,623.1658,10.39784</point>
  <point>-0.3731512,0.9278061,0,-0.9278061,-0.3731512,0,0,0,1,507.8056,617.7469,10.39784</point>
  <point>-0.9054589,0.4245108,0,-0.4245108,-0.9054589,0,0,0,1,511.1464,614.186,10.39784</point>
  <point>-0.9755798,-0.2197917,0,0.2197917,-0.9755798,0,0,0,1,515.8037,613.8687,10.39784</point>
  <point>-0.9740567,0.2264318,0,-0.2264318,-0.9740567,0,0,0,1,423.2509,689.5914,7.444398</point>
  <point>-0.8011664,-0.598491,0,0.598491,-0.8011664,0,0,0,1,398.9748,706.0663,9.026398</point>
  <point>-0.6306713,0.7760941,0,-0.7760941,-0.6306713,0,0,0,1,508.809,615.7053,4.958091</point>
  <point>-0.9497692,0.3130645,0,-0.3130645,-0.9497692,0,0,0,1,479.6212,680.195,6.436502</point>
  <point>-0.607109,0.7946634,0,-0.7946634,-0.607109,0,0,0,1,463.0544,695.1074,6.4135</point>
  <point>-0.400813,0.9161943,0,-0.9161943,-0.400813,0,0,0,1,527.0485,635.378,5.246109</point>
  <point>-0.9998461,0.01840593,0,-0.01840593,-0.9998461,0,0,0,1,513.7687,614.3248,15.80985</point>
  <point>-0.9904713,0.1379696,0,-0.1379696,-0.9904713,0,0,0,1,513.6894,613.4171,4.944669</point>
  <point>-0.8148323,0.579758,0,-0.579758,-0.8148323,0,0,0,1,468.342,689.0311,6.413502</point>
  <point>-0.8481306,0.5298541,0,-0.5298541,-0.8481306,0,0,0,1,471.0416,686.3401,6.412501</point>
  <point>-0.8783712,0.47804,0,-0.47804,-0.8783712,0,0,0,1,412.2914,693.9326,8.999395</point>
  <point>-0.8481306,0.5298541,0,-0.5298541,-0.8481306,0,0,0,1,477.2324,681.7538,6.4125</point>
  <point>-0.9177693,0.3971538,0,-0.3971538,-0.9177693,0,0,0,1,510.9502,615.1035,15.80985</point>
  <point>-0.6760749,0.7368811,0,-0.7368811,-0.6760749,0,0,0,1,464.7782,692.8254,6.4135</point>
  <point>-0.7190405,0.6950103,0,-0.6950103,-0.7190405,0,0,0,1,403.1803,701.8669,8.999396</point>
  <point>0.998025,0.06314523,0,-0.06314523,0.998025,0,0,0,1,455.824,633.9014,5.030345</point>
  <point>-0.2303085,0.9731395,0,-0.9731395,-0.2303085,0,0,0,1,479.4609,636.3667,5.204108</point>
  <point>-0.7785968,0.6275711,0,-0.6275711,-0.7785968,0,0,0,1,407.44,697.3348,8.999395</point>
  <point>-0.4815316,0.8764532,0,-0.8764532,-0.4815316,0,0,0,1,472.8857,649.6599,5.204108</point>
  <point>-0.9054574,0.4245099,0,-0.4245099,-0.9054574,0,0,0,1,517.1822,636.3185,2.30911</point>
  <point>0.4418129,0.8971258,0,-0.8971258,0.4418129,0,0,0,1,508.756,623.1719,15.80985</point>
  <point>-0.9292834,0.3694512,0,-0.3694512,-0.9292834,0,0,0,1,520.1329,635.0248,2.309109</point>
  <point>0.998025,0.06314523,0,-0.06314523,0.998025,0,0,0,1,447.4762,633.8668,5.021367</point>
  <point>0.007610083,1.000005,0,-1.000005,0.007610083,0,0,0,1,507.168,619.7603,4.965703</point>
  <point>-0.8783712,0.47804,0,-0.47804,-0.8783712,0,0,0,1,409.8058,695.5016,8.999396</point>
  <point>-0.8011664,-0.598491,0,0.598491,-0.8011664,0,0,0,1,397.5176,705.2244,9.026399</point>
  <point>-0.6760749,0.7368811,0,-0.7368811,-0.6760749,0,0,0,1,466.4171,690.9514,6.413499</point>
  <point>-0.9904721,0.1379697,0,-0.1379697,-0.9904721,0,0,0,1,488.0954,675.7856,6.437501</point>
  <point>-0.7395652,0.6731304,0,-0.6731304,-0.7395652,0,0,0,1,506.7987,644.2396,2.309109</point>
  <point>-0.7785968,0.6275711,0,-0.6275711,-0.7785968,0,0,0,1,405.2785,699.4648,8.999395</point>
  <point>-0.9399326,0.341406,0,-0.341406,-0.9399326,0,0,0,1,512.1601,614.5853,15.80985</point>
  <point>-0.9904656,0.1379686,0,-0.1379686,-0.9904656,0,0,0,1,429.3004,688.2269,7.444398</point>
  <point>-0.9904656,0.1379686,0,-0.1379686,-0.9904656,0,0,0,1,426.2631,688.8337,7.444398</point>
  <point>-0.8636383,0.5041727,0,-0.5041727,-0.8636383,0,0,0,1,514.1601,637.9406,2.30911</point>
  <point>-0.9870064,-0.160897,0,0.160897,-0.9870064,0,0,0,1,511.7486,673.8503,6.4375</point>
  <point>-0.9497631,0.3130622,0,-0.3130622,-0.9497631,0,0,0,1,420.1468,690.5638,7.444398</point>
  <point>0.7497137,0.6617881,0,-0.6617881,0.7497137,0,0,0,1,510.0177,624.579,15.80985</point>
  <point>-0.8816082,-0.4720461,0,0.4720461,-0.8816082,0,0,0,1,409.4647,712.7822,15.50875</point>
  <point>-0.8011664,-0.598491,0,0.598491,-0.8011664,0,0,0,1,396.1194,704.1768,9.026399</point>
  <point>-0.6306595,0.7760804,0,-0.7760804,-0.6306595,0,0,0,1,508.8997,617.0227,15.80985</point>
  <point>-0.8148287,0.5797548,0,-0.5797548,-0.8148287,0,0,0,1,511.505,639.8073,2.309109</point>
  <point>-0.9948782,-0.1014225,0,0.1014225,-0.9948782,0,0,0,1,513.6561,674.1075,6.4375</point>
  <point>-0.1715398,0.9851936,0,-0.9851936,-0.1715398,0,0,0,1,508.2638,618.7245,15.80985</point>
  <point>-0.9904678,0.1379689,0,-0.1379689,-0.9904678,0,0,0,1,525.7869,633.5075,5.246109</point>
  <point>-0.8481306,0.5298541,0,-0.5298541,-0.8481306,0,0,0,1,475.2603,683.2131,6.4125</point>
  <point>-0.9999977,-0.002407413,0,0.002407424,-0.9999979,0,0,0,1,501.384,664.6179,1.950107</point>
  <point>-0.9999977,-0.002407413,0,0.002407424,-0.9999979,0,0,0,1,502.0799,661.5714,1.950108</point>
  <point>-0.9999977,-0.002407413,0,0.002407424,-0.9999979,0,0,0,1,550.5382,634.1423,11.58575</point>
  <point>-0.9999977,-0.002407413,0,0.002407424,-0.9999979,0,0,0,1,553.7742,634.1001,11.58575</point>
  <point>-0.9644107,0.2644106,0,-0.2644106,-0.9644108,0,0,0,1,452.2531,661.8123,5.246107</point>
  <point>-0.9785303,0.2061048,0,-0.2061049,-0.9785305,0,0,0,1,449.0883,662.4578,5.246108</point>
  <point>-0.9961666,0.08748063,0,-0.08748066,-0.9961667,0,0,0,1,445.795,662.9058,5.246108</point>
  <point>-0.9999974,-0.002407433,0,0.0024074,-0.9999975,0,0,0,1,442.4965,662.7725,5.246109</point>
  <point>-0.9925178,-0.122102,0,0.122102,-0.9925179,0,0,0,1,439.0115,662.5911,5.246108</point>
  <point>-0.9991388,-0.04158064,0,0.04158064,-0.9991388,0,0,0,1,440.7538,626.839,5.072107</point>
  <point>-0.8783683,0.4780387,0,-0.4780387,-0.8783683,0,0,0,1,385.3585,672.0289,13.06284</point>
  <point>-0.778578,0.6275579,0,-0.6275579,-0.778578,0,0,0,1,414.8107,656.8106,5.076106</point>
  <point>-0.9999365,-0.01159227,0,0.01159227,-0.9999365,0,0,0,1,434.5393,626.6642,5.072107</point>
  <point>-0.9913545,-0.1312131,0,0.1312131,-0.9913545,0,0,0,1,533.0989,614.5454,4.47871</point>
  <point>-0.8481057,0.5298398,0,-0.5298398,-0.8481057,0,0,0,1,396.5764,664.0751,5.038777</point>
  <point>-0.1715407,0.985199,0,-0.985199,-0.1715407,0,0,0,1,480.0033,633.2549,5.204107</point>
  <point>-0.8481057,0.5298398,0,-0.5298398,-0.8481057,0,0,0,1,397.7275,663.3566,5.038777</point>
  <point>-0.975549,-0.2197836,0,0.2197836,-0.975549,0,0,0,1,535.217,615.0778,4.478709</point>
  <point>-0.8783506,0.4780305,0,-0.4780305,-0.8783506,0,0,0,1,411.7773,658.7177,5.076106</point>
  <point>-0.9991762,-0.04058144,0,0.04058144,-0.9991762,0,0,0,1,448.091,621.18,5.021</point>
  <point>-0.9974387,-0.07153142,0,0.07153142,-0.9974387,0,0,0,1,531.6056,614.2214,4.47871</point>
  <point>-0.9497414,0.3130566,0,-0.3130566,-0.9497414,0,0,0,1,400.4166,662.0308,5.038777</point>
  <point>-0.9996194,-0.02758907,0,0.02758907,-0.9996194,0,0,0,1,456.14,623.209,5.029</point>
  <point>-0.9904373,0.137966,0,-0.137966,-0.9904373,0,0,0,1,521.9504,614.7224,4.47871</point>
  <point>-0.9292553,0.3694417,0,-0.3694417,-0.9292553,0,0,0,1,499.5085,627.176,5.116109</point>
  <point>0.03079211,-0.9995397,0,0.9995397,0.03079211,0,0,0,1,469.5535,626.2122,12.59492</point>
  <point>-0.02238709,0.99976,0,-0.99976,-0.02238709,0,0,0,1,446.6904,629.999,12.59492</point>
  <point>-0.9985102,-0.05456565,0,0.05456565,-0.9985102,0,0,0,1,468.971,622.343,5.021</point>
  <point>-0.02238709,0.99976,0,-0.99976,-0.02238709,0,0,0,1,446.8427,628.2209,12.59492</point>
  <point>-0.02238709,0.99976,0,-0.99976,-0.02238709,0,0,0,1,446.8933,626.9119,12.59492</point>
  <point>-0.5075958,0.8616015,0,-0.8616015,-0.5075958,0,0,0,1,419.9623,636.7524,5.120109</point>
  <point>-0.02238709,0.99976,0,-0.99976,-0.02238709,0,0,0,1,447.1089,621.8942,12.59492</point>
  <point>-0.02238709,0.99976,0,-0.99976,-0.02238709,0,0,0,1,447.0223,625.0237,12.59492</point>
  <point>-0.8815907,-0.4720348,0,0.4720348,-0.8815907,0,0,0,1,426.3689,658.442,10.19897</point>
  <point>-0.9999365,-0.01159227,0,0.01159227,-0.9999365,0,0,0,1,435.8242,626.6752,5.072107</point>
  <point>-0.6124924,-0.7904864,0,0.7904864,-0.6124924,0,0,0,1,392.8755,674.2155,18.47485</point>
  <point>-0.9974493,-0.07153197,0,0.07153197,-0.9974493,0,0,0,1,447.7659,621.5976,12.59492</point>
  <point>-0.999501,-0.0315875,0,0.0315875,-0.999501,0,0,0,1,460.69,623.405,5.025</point>
  <point>-0.7785739,0.6275547,0,-0.6275547,-0.7785739,0,0,0,1,505.2178,624.1083,5.11611</point>
  <point>-0.719039,0.695009,0,-0.695009,-0.719039,0,0,0,1,383.3803,673.3169,7.643199</point>
  <point>-0.9991387,-0.04158064,0,0.04158064,-0.9991387,0,0,0,1,442.1184,626.8207,5.072107</point>
  <point>-0.9997217,-0.02359043,0,0.02359043,-0.9997217,0,0,0,1,458.452,623.317,5.026</point>
  <point>-0.9964242,-0.08449188,0,0.08449188,-0.9964242,0,0,0,1,464.268,622.095,5.021</point>
  <point>-0.9999362,-0.01159227,0,0.01159227,-0.9999362,0,0,0,1,473.6504,627.0825,5.166108</point>
  <point>-0.3794607,-0.9252364,0,0.9252364,-0.3794607,0,0,0,1,394.627,675.6334,13.06284</point>
  <point>-0.7395451,0.6731144,0,-0.6731144,-0.7395451,0,0,0,1,424.87,630.8974,5.120109</point>
  <point>0.09067145,-0.9958832,0,0.9958832,0.09067145,0,0,0,1,490.3533,625.7607,5.137812</point>
  <point>-0.4008014,0.9161711,0,-0.9161711,-0.4008014,0,0,0,1,418.5882,639.5178,5.120108</point>
  <point>-0.9999362,-0.01159227,0,0.01159227,-0.9999362,0,0,0,1,478.7504,627.3788,5.166109</point>
  <point>-0.9317738,-0.3631102,0,0.3631102,-0.9317738,0,0,0,1,390.7672,671.8092,13.06284</point>
  <point>-0.9803832,0.1971088,0,-0.1971088,-0.9803832,0,0,0,1,497.5161,627.8168,5.11611</point>
  <point>0.1569602,0.9876109,0,-0.9876109,0.1569602,0,0,0,1,417.7319,650.3279,5.198109</point>
  <point>-0.9904373,0.137966,0,-0.137966,-0.9904373,0,0,0,1,524.2332,614.2966,4.47871</point>
  <point>0.03079211,-0.9995397,0,0.9995397,0.03079211,0,0,0,1,469.7906,623.1473,12.59492</point>
  <point>-0.9974387,-0.07153142,0,0.07153142,-0.9974387,0,0,0,1,529.4221,614.0466,4.478709</point>
  <point>-0.9998309,0.01840642,0,-0.01840642,-0.9998309,0,0,0,1,525.7788,614.1131,4.478709</point>
  <point>0.03760241,0.9992986,0,-0.9992986,0.03760241,0,0,0,1,417.2483,647.1836,5.198109</point>
  <point>-0.6978526,0.7162501,0,-0.7162501,-0.6978526,0,0,0,1,417.3991,654.4487,5.076106</point>
  <point>-0.9969293,0.07832759,0,-0.07832759,-0.9969293,0,0,0,1,493.2079,628.511,5.11611</point>
  <point>-0.9054348,0.4245009,0,-0.4245009,-0.9054348,0,0,0,1,399.3005,662.522,5.038778</point>
  <point>-0.92044,-0.3908848,0,0.3908848,-0.92044,0,0,0,1,538.8522,616.4879,4.478709</point>
  <point>-0.9803832,0.1971088,0,-0.1971088,-0.9803832,0,0,0,1,495.3246,628.2916,5.11611</point>
  <point>-0.9999362,-0.01159227,0,0.01159227,-0.9999362,0,0,0,1,472.2732,627.0109,5.166109</point>
  <point>-0.6978517,0.7162491,0,-0.7162491,-0.6978517,0,0,0,1,422.5364,633.0988,5.120108</point>
  <point>-0.5829808,0.812492,0,-0.812492,-0.5829808,0,0,0,1,420.595,635.666,5.120108</point>
  <point>-0.9999362,-0.01159227,0,0.01159227,-0.9999362,0,0,0,1,480.1701,627.4063,5.166109</point>
  <point>-0.9497414,0.3130566,0,-0.3130566,-0.9497414,0,0,0,1,405.3426,660.7767,5.038777</point>
  <point>-0.7594044,0.65063,0,-0.65063,-0.7594044,0,0,0,1,395.0687,665.1401,5.038777</point>
  <point>0.998025,0.06314523,0,-0.06314523,0.998025,0,0,0,1,458.2063,634.0193,5.027352</point>
  <point>0.998025,0.06314523,0,-0.06314523,0.998025,0,0,0,1,460.554,634.1453,5.024374</point>
  <point>-0.9925178,-0.122102,0,0.122102,-0.9925179,0,0,0,1,436.3123,662.2029,5.246107</point>
  <point>-0.8517097,-0.5240564,0,0.5240564,-0.8517097,0,0,0,1,431.598,659.9692,5.239028</point>
  <point>-0.7027282,-0.7114896,0,0.7114896,-0.7027282,0,0,0,1,424.1839,656.5009,5.169107</point>
  <point>-0.6359365,-0.7717702,0,0.7717702,-0.6359365,0,0,0,1,422.5823,654.5153,5.169107</point>
  <point>-0.4070418,-0.9134341,0,0.9134341,-0.4070418,0,0,0,1,420.9209,651.7708,5.198109</point>
  <point>0.3530279,-0.9356371,0,0.9356371,0.3530279,0,0,0,1,420.7289,641.9133,5.198109</point>
  <point>0.1798176,-0.9837232,0,0.9837232,0.1798176,0,0,0,1,419.8251,644.929,5.198109</point>
  <point>0.5148314,-0.8573188,0,0.8573188,0.5148314,0,0,0,1,422.1367,639.0587,5.095108</point>
  <point>0.7248535,-0.6889373,0,0.6889373,0.7248535,0,0,0,1,423.697,637.1098,5.095109</point>
  <point>0.682238,-0.7311627,0,0.7311627,0.682238,0,0,0,1,425.5282,634.5928,5.101779</point>
  <point>0.7838408,-0.6210003,0,0.6210003,0.7838408,0,0,0,1,427.6248,632.6091,5.101779</point>
  <point>0.8525453,-0.5226991,0,0.5226991,0.8525453,0,0,0,1,430.226,630.9145,5.101779</point>
  <point>0.9427776,-0.3334944,0,0.3334944,0.9427776,0,0,0,1,432.7486,629.8678,5.101779</point>
  <point>0.9975752,-0.0699437,0,0.0699437,0.9975752,0,0,0,1,435.9601,629.5348,5.072107</point>
  <point>0.9975752,-0.0699437,0,0.0699437,0.9975752,0,0,0,1,439.0432,629.4437,5.072106</point>
  <point>0.9987744,0.04998121,0,-0.04998121,0.9987744,0,0,0,1,442.2242,629.3879,5.072106</point>
  <point>0.9987745,0.04998122,0,-0.04998122,0.9987745,0,0,0,1,444.9982,629.3798,5.072107</point>
  <point>-0.9904644,0.1379683,0,-0.1379683,-0.9904644,0,0,0,1,387.3658,671.2245,7.619629</point>
  <point>-0.6588031,-0.7523522,0,0.7523522,-0.6588031,0,0,0,1,393.6727,673.6775,7.63128</point>
  <point>-0.1189236,-0.9929315,0,0.9929315,-0.1189236,0,0,0,1,395.1847,677.8646,7.622688</point>
  <point>-0.9941582,0.108197,0,-0.108197,-0.9941582,0,0,0,1,432.4001,687.6948,7.444396</point>
  <point>-0.2076856,-0.9782243,0,0.9782243,-0.2076856,0,0,0,1,396.4173,674.5665,4.965108</point>
  <point>-0.2076856,-0.9782243,0,0.9782243,-0.2076856,0,0,0,1,395.9248,672.3624,4.965108</point>
  <point>-0.43425,-0.9007957,0,0.9007957,-0.43425,0,0,0,1,490.4212,627.3607,5.137813</point>
  <point>0.0906731,-0.9958948,0,0.9958948,0.0906731,0,0,0,1,469.2278,631.2991,12.59492</point>
  <point>-0.9999365,-0.01159227,0,0.01159227,-0.9999365,0,0,0,1,437.649,626.7059,5.072107</point>
  <point>-0.9999362,-0.01159227,0,0.01159227,-0.9999362,0,0,0,1,490.0233,624.5947,5.137812</point>
  <point>-0.8815907,-0.4720348,0,0.4720348,-0.8815907,0,0,0,1,431.9109,660.8867,10.07975</point>
  <point>-0.9974537,-0.07153328,0,0.07153328,-0.9974537,0,0,0,1,515.1748,614.4388,15.80985</point>
  <point>-0.8356013,-0.5493644,0,0.5493644,-0.8356013,0,0,0,1,516.9007,615.0406,15.80985</point>
  <point>-0.4070389,-0.9134272,0,0.9134272,-0.4070389,0,0,0,1,519.1255,617.2224,15.80985</point>
  <point>-0.02238709,0.99976,0,-0.99976,-0.02238709,0,0,0,1,446.6769,631.3685,12.59492</point>
  <point>-0.02238709,0.99976,0,-0.99976,-0.02238709,0,0,0,1,446.513,633.2913,12.59492</point>
  <point>-0.533214,0.8459924,0,-0.8459924,-0.533214,0,0,0,1,423.4419,662.9297,10.18902</point>
  <point>-0.9974493,-0.07153197,0,0.07153197,-0.9974493,0,0,0,1,452.8528,621.9156,12.59492</point>
  <point>-0.02238709,0.99976,0,-0.99976,-0.02238709,0,0,0,1,447.1039,623.7281,12.59492</point>
  <point>-0.9974493,-0.07153197,0,0.07153197,-0.9974493,0,0,0,1,449.7259,621.7727,12.59492</point>
  <point>-0.9974493,-0.07153197,0,0.07153197,-0.9974493,0,0,0,1,450.9641,621.8323,12.59492</point>
  <point>0.0906731,-0.9958948,0,0.9958948,0.0906731,0,0,0,1,469.1673,634.5627,12.59492</point>
  <point>-0.8815907,-0.4720348,0,0.4720348,-0.8815907,0,0,0,1,425.0018,658.2134,10.18296</point>
  <point>-0.1121531,0.9936967,0,-0.9936967,-0.1121531,0,0,0,1,417.288,645.4415,5.198109</point>
  <point>-0.9999362,-0.01159227,0,0.01159227,-0.9999362,0,0,0,1,475.4625,627.1853,5.16611</point>
  <point>0.1272657,0.9918746,0,-0.9918746,0.1272657,0,0,0,1,417.4294,648.5876,5.198109</point>
  <point>-0.8318295,0.5550394,0,-0.5550394,-0.8318295,0,0,0,1,427.3539,629.0604,5.120109</point>
  <point>-0.8922924,0.4514678,0,-0.4514678,-0.8922924,0,0,0,1,428.9615,628.1782,5.120109</point>
  <point>-0.9999362,-0.01159227,0,0.01159227,-0.9999362,0,0,0,1,484.9398,624.4896,5.137812</point>
  <point>-0.9998309,0.01840642,0,-0.01840642,-0.9998309,0,0,0,1,527.8813,614.0258,4.478709</point>
  <point>-0.112154,0.9937038,0,-0.9937038,-0.112154,0,0,0,1,463.4149,624.7278,12.59492</point>
  <point>-0.9497414,0.3130566,0,-0.3130566,-0.9497414,0,0,0,1,406.7548,660.5403,5.038777</point>
  <point>0.1798157,-0.9837145,0,0.9837145,0.1798157,0,0,0,1,469.4323,628.1014,12.59492</point>
  <point>-0.9999362,-0.01159227,0,0.01159227,-0.9999362,0,0,0,1,476.9384,627.2283,5.16611</point>
  <point>-0.428102,0.9037364,0,-0.9037364,-0.428102,0,0,0,1,419.1479,638.2537,5.120108</point>
  <point>-0.2882475,0.9575782,0,-0.9575782,-0.2882475,0,0,0,1,477.4084,642.3652,5.204108</point>
  <point>-0.9999362,-0.01159227,0,0.01159227,-0.9999362,0,0,0,1,481.9827,627.5085,5.166109</point>
  <point>-0.2010112,0.9795948,0,-0.9795948,-0.2010112,0,0,0,1,417.3823,644.0765,5.198109</point>
  <point>-0.9993306,-0.03658447,0,0.03658447,-0.9993306,0,0,0,1,452.758,621.462,5.021</point>
  <point>-0.9999365,-0.01159227,0,0.01159227,-0.9999365,0,0,0,1,438.9436,626.7405,5.072106</point>
  <point>-0.8783506,0.4780305,0,-0.4780305,-0.8783506,0,0,0,1,413.1663,657.9021,5.076107</point>
  <point>-0.6760549,0.7368609,0,-0.7368609,-0.6760549,0,0,0,1,392.7668,667.2101,5.038777</point>
  <point>-0.265966,-0.9639907,0,0.9639907,-0.265966,0,0,0,1,394.2319,676.9674,18.47485</point>
  <point>-0.9497414,0.3130566,0,-0.3130566,-0.9497414,0,0,0,1,409.938,659.584,5.076106</point>
  <point>-0.8318297,0.5550398,0,-0.5550398,-0.8318297,0,0,0,1,426.249,629.8152,5.120108</point>
  <point>-0.8481075,0.5298407,0,-0.5298407,-0.8481075,0,0,0,1,385.3301,672.9335,18.47485</point>
  <point>-0.7594037,0.6506292,0,-0.6506292,-0.7594037,0,0,0,1,415.9565,655.845,5.076106</point>
  <point>-0.8922924,0.4514678,0,-0.4514678,-0.8922924,0,0,0,1,430.1792,627.5983,5.120108</point>
  <point>-0.2882475,0.9575782,0,-0.9575782,-0.2882475,0,0,0,1,478.5291,639.5358,5.204108</point>
  <point>-0.7190219,0.6949945,0,-0.6949945,-0.7190219,0,0,0,1,423.8398,631.7738,5.120109</point>
  <point>-0.6070895,0.7946397,0,-0.7946397,-0.6070895,0,0,0,1,421.7197,634.1006,5.120109</point>
  <point>0.03079165,-0.9995376,0,0.9995376,0.03079165,0,0,0,1,453.2184,624.2189,12.59492</point>
  <point>-0.917758,0.3971499,0,-0.3971499,-0.917758,0,0,0,1,431.8115,627.0342,5.120108</point>
  <point>-0.4008083,0.9161852,0,-0.9161852,-0.4008083,0,0,0,1,475.9121,645.2296,5.204107</point>
  <point>0.0906731,-0.9958948,0,0.9958948,0.0906731,0,0,0,1,469.236,632.6144,12.59492</point>
  <point>-0.9497414,0.3130566,0,-0.3130566,-0.9497414,0,0,0,1,408.4321,660.1148,5.076106</point>
  <point>-0.7190235,0.6949961,0,-0.6949961,-0.7190235,0,0,0,1,394.1066,665.9491,5.038777</point>
  <point>-0.5389657,-0.8423371,0,0.8423371,-0.5389657,0,0,0,1,393.5513,675.2261,18.47485</point>
  <point>-0.2593899,0.9657785,0,-0.9657785,-0.2593899,0,0,0,1,418.0614,640.9851,5.198109</point>
  <point>-0.9948473,-0.1014182,0,0.1014182,-0.9948473,0,0,0,1,443.8229,626.8613,5.072106</point>
  <point>-0.917758,0.3971499,0,-0.3971499,-0.917758,0,0,0,1,433.222,626.5251,5.120108</point>
  <point>0.0906731,-0.9958948,0,0.9958948,0.0906731,0,0,0,1,469.3753,629.4623,12.59492</point>
  <point>-0.2010112,0.9795948,0,-0.9795948,-0.2010112,0,0,0,1,417.7458,642.3871,5.198109</point>
  <point>0.03079211,-0.9995397,0,0.9995397,0.03079211,0,0,0,1,469.6353,625.03,12.59492</point>
</points>