<?xml version="1.0" encoding="UTF-8"?>
<points>
  <point>-0.8123694,0.5831433,0,-0.5831433,-0.8123694,0,0,0,1,425.617,630.29,5.575</point>
  <point>-0.435149,0.9003586,0,-0.9003586,-0.435149,0,0,0,1,419.543,637.281,5.516</point>
  <point>0.9679151,0.2512776,0,-0.2512776,0.9679151,0,0,0,1,448.504,633.818,8.18</point>
  <point>0.9679151,0.2512776,0,-0.2512776,0.9679151,0,0,0,1,451.804,633.977,8.177</point>
  <point>-0.9999631,-0.00859265,0,0.00859265,-0.9999631,0,0,0,1,433.781,626.701,5.575</point>
  <point>-0.8670268,0.4982618,0,-0.4982618,-0.8670268,0,0,0,1,428.183,628.636,5.575</point>
  <point>0.04278323,-0.9990844,0,0.9990844,0.04278323,0,0,0,1,469.451,630.209,14.674</point>
  <point>-0.9699935,0.2431313,0,-0.2431313,-0.9699935,0,0,0,1,423.388,689.69,5.019</point>
  <point>0.6577263,-0.753257,0,0.753257,0.6577263,0,0,0,1,422.044,639.343,5.318</point>
  <point>-0.8377794,0.5460088,0,-0.5460088,-0.8377794,0,0,0,1,407.396,658.969,5.56</point>
  <point>-0.9980417,-0.06255179,0,0.06255179,-0.9980417,0,0,0,1,456.553,625.839,8.169</point>
  <point>0.8391923,0.5438348,0,-0.5438348,0.8391923,0,0,0,1,457.146,633.698,8.169</point>
  <point>-0.9998623,-0.01659189,0,0.01659189,-0.9998623,0,0,0,1,448.456,621.646,1.897</point>
  <point>-0.6527463,0.7575767,0,-0.7575767,-0.6527463,0,0,0,1,421.14,634.792,5.571</point>
  <point>-0.9970683,-0.07651773,0,0.07651773,-0.9970683,0,0,0,1,448.378,621.682,8.175</point>
  <point>-0.9254432,0.3788863,0,-0.3788863,-0.9254432,0,0,0,1,445.604,663.613,5.011</point>
  <point>-0.9699935,0.2431313,0,-0.2431313,-0.9699935,0,0,0,1,426.481,688.893,5.019</point>
  <point>-0.999006,-0.04457799,0,0.04457799,-0.999006,0,0,0,1,436.673,626.738,5.521</point>
  <point>0.0137958,-0.9999048,0,0.9999048,0.0137958,0,0,0,1,469.635,624.084,14.632</point>
  <point>-0.9847975,0.173707,0,-0.173707,-0.9847975,0,0,0,1,528.579,614.277,4.728</point>
  <point>-0.9636127,0.2673025,0,-0.2673025,-0.9636127,0,0,0,1,525.357,614.561,4.727</point>
  <point>0.3910722,-0.92036,0,0.92036,0.3910722,0,0,0,1,420.992,642.343,5.508</point>
  <point>-0.6861646,0.7274463,0,-0.7274463,-0.6861646,0,0,0,1,423.354,632.256,5.575</point>
  <point>-0.7454458,0.6665661,0,-0.6665661,-0.7454458,0,0,0,1,465.279,657.022,4.896</point>
  <point>-0.9989609,-0.0455769,0,0.0455769,-0.9989609,0,0,0,1,468.356,622.328,8.175</point>
  <point>-0.01120338,0.9999372,0,-0.9999372,-0.01120338,0,0,0,1,475.684,645.448,4.9</point>
  <point>-0.9239117,0.387803,0,-0.387803,-0.9239117,0,0,0,1.002,401.4564,661.4956,5.590129</point>
  <point>0.9689124,-0.247404,0,0.247404,0.9689124,0,0,0,1,430.121,631.004,5.575</point>
  <point>-0.9250709,0.3850297,0,-0.3850297,-0.9250709,0,0,0,1.002,404.3739,660.6954,5.561071</point>
  <point>0.9998195,0.01899886,0,-0.01899886,0.9998195,0,0,0,1,439.079,629.226,5.488</point>
  <point>-0.1605064,0.9870348,0,-0.9870348,-0.1605064,0,0,0,1,417.788,643.112,5.557</point>
  <point>-0.9996194,-0.02758907,0,0.02758907,-0.9996194,0,0,0,1,459.865,625.782,3.512</point>
  <point>-0.7454458,0.6665661,0,-0.6665661,-0.7454458,0,0,0,1,467.842,655.112,4.896</point>
  <point>-0.9999328,-0.01159228,0,0.01159228,-0.9999328,0,0,0,1,451.814,621.935,14.632</point>
  <point>-0.9998623,-0.01659189,0,0.01659189,-0.9998623,0,0,0,1,459.936,625.924,8.169</point>
  <point>-0.9994358,-0.0335863,0,0.0335863,-0.9994358,0,0,0,1,465.093,622.146,1.898</point>
  <point>-0.7454458,0.6665661,0,-0.6665661,-0.7454458,0,0,0,1,462.69,658.707,4.896</point>
  <point>-0.9991762,-0.04058144,0,0.04058144,-0.9991762,0,0,0,1,451.694,621.809,8.175</point>
  <point>-0.9521526,0.3056229,0,-0.3056229,-0.9521526,0,0,0,1,456.537,661.353,4.836</point>
  <point>-0.8548198,0.5189248,0,-0.5189248,-0.8548198,0,0,0,1,451.792,662.631,4.981</point>
  <point>-0.3185542,0.9479047,0,-0.9479047,-0.3185542,0,0,0,1,470.441,652.495,4.866</point>
  <point>-0.6451378,0.7640662,0,-0.7640662,-0.6451378,0,0,0,1,509.994,616.706,15.456</point>
  <point>-0.9996194,-0.02758907,0,0.02758907,-0.9996194,0,0,0,1,456.588,625.613,3.512</point>
  <point>-0.9699935,0.2431313,0,-0.2431313,-0.9699935,0,0,0,1,420.304,690.706,5.018</point>
  <point>0.007386804,-0.9998128,0,0.99992,0.007387817,0,0,0,0.9996,493.3891,629.6307,4.55566</point>
  <point>-0.08712108,-0.9963067,0,0.9962553,-0.08711745,0,0,0,0.9996,478.5237,645.395,4.8994</point>
  <point>-0.979659,0.2010821,0,-0.2011099,-0.9797908,0,0,0,0.9996,497.2227,628.2282,4.718859</point>
  <point>-0.7017822,0.7130746,0,-0.7128152,-0.7015269,0,0,0,0.9996,512.3079,640.6154,2.492199</point>
  <point>0.7206793,0.6935175,0,-0.6929922,0.7201335,0,0,0,0.9996,507.3959,625.7498,4.462839</point>
  <point>-0.9972073,-0.07511306,0,0.07508236,-0.9967971,0,0,0,0.9996,492.208,628.6502,4.7107</point>
  <point>-0.9670622,0.2554812,0,-0.2554744,-0.9670375,0,0,0,0.9996,500.3366,627.5198,4.71784</point>
  <point>-0.7244754,0.6896927,0,-0.6891981,-0.7239562,0,0,0,0.9996,510.1852,643.2002,2.431</point>
  <point>-0.1792226,-0.9833272,0,0.9838619,-0.1793201,0,0,0,0.9996,479.2551,643.602,4.8994</point>
  <point>-0.2173538,0.9763044,0,-0.975798,-0.2172421,0,0,0,0.9996,525.5564,633.6225,5.173779</point>
  <point>-0.6111938,0.7907898,0,-0.7912425,-0.6115426,0,0,0,0.9996,514.6839,638.3876,2.492199</point>
  <point>-0.8130206,0.5819163,0,-0.5817574,-0.8127974,0,0,0,0.9996,506.0361,625.0956,4.7158</point>
  <point>0.7764226,0.631003,0,-0.630936,0.7763409,0,0,0,0.9996,508.0946,626.6763,4.436319</point>
  <point>0.233141,-0.9721048,0,0.9726657,0.2332752,0,0,0,0.9996,493.2946,630.9042,4.546479</point>
  <point>-0.9769645,-0.2116098,0,0.2116081,-0.9769549,0,0,0,0.9996,492.2783,628.933,4.55668</point>
  <point>-0.9151699,0.4048362,0,-0.4043669,-0.914109,0,0,0,0.9996,501.502,627.0954,4.71784</point>
  <point>-0.4308422,0.9022446,0,-0.9026976,-0.431059,0,0,0,0.9996,507.0937,624.1288,4.496499</point>
  <point>-0.8100309,0.5854977,0,-0.5860596,-0.8108094,0,0,0,0.9996,508.5874,646.2386,2.492199</point>
  <point>-0.2669705,-0.9637322,0,0.9643754,-0.2671487,0,0,0,0.9996,480.0706,641.6122,4.8994</point>
  <point>-0.5765573,0.8169637,0,-0.8169605,-0.5765558,0,0,0,0.9996,517.2377,636.4209,2.492199</point>
  <point>-0.9047393,0.4273715,0,-0.4269307,-0.9038045,0,0,0,0.9996,504.7592,625.7437,4.7158</point>
  <point>-0.9923094,0.1230207,0,-0.1230554,-0.992585,0,0,0,0.9996,496.1394,628.4328,4.71784</point>
  <point>0.1650379,0.9862872,0,-0.9862872,0.1650379,0,0,0,1,508.353,622.093,15.456</point>
  <point>0.0137958,-0.9999048,0,0.9999048,0.0137958,0,0,0,1,469.478,627.192,14.636</point>
  <point>-0.3204492,0.9472657,0,-0.9472657,-0.3204492,0,0,0,1,418.34,639.896,5.575</point>
  <point>-0.999006,-0.04457799,0,0.04457799,-0.999006,0,0,0,1,439.602,626.809,5.52</point>
  <point>-0.9574993,0.2884357,0,-0.2884357,-0.9574993,0,0,0,1,442.294,663.605,5.011</point>
  <point>-0.01120338,0.9999372,0,-0.9999372,-0.01120338,0,0,0,1,477.365,642.45,4.9</point>
  <point>-0.8862584,0.4631912,0,-0.4631912,-0.8862584,0,0,0,1,522.407,615.421,4.669</point>
  <point>-0.140735,-0.9900473,0,0.9900473,-0.140735,0,0,0,1,489.996,625.362,4.824</point>
  <point>-0.9998623,-0.01659189,0,0.01659189,-0.9998623,0,0,0,1,451.697,621.773,1.898</point>
  <point>-0.9811265,0.1933669,0,-0.1933669,-0.9811265,0,0,0,1,429.674,688.192,5.019</point>
  <point>-0.03119853,0.9995133,0,-0.9995133,-0.03119853,0,0,0,1,446.831,629.659,14.67</point>
  <point>-0.9863209,-0.1648368,0,0.1648368,-0.9863209,0,0,0,1,515.301,614.961,15.456</point>
  <point>-0.17923,-0.9838072,0,0.9838072,-0.17923,0,0,0,1,420.756,649.058,5.545</point>
  <point>-0.9716716,0.2363353,0,-0.2363353,-0.9716716,0,0,0,1,432.737,687.683,4.991</point>
  <point>-0.9600564,0.2798066,0,-0.2798066,-0.9600564,0,0,0,1,512.303,615.148,15.456</point>
  <point>-0.999808,-0.01959142,0,0.01959142,-0.999808,0,0,0,1,480.513,627.648,4.809</point>
  <point>0.7912168,-0.6115357,0,0.6115357,0.7912168,0,0,0,1,425.428,634.807,5.343</point>
  <point>-0.9487332,0.316078,0,-0.316078,-0.9487332,0,0,0,1,430.976,627.383,5.546</point>
  <point>-0.9999328,-0.01159228,0,0.01159228,-0.9999328,0,0,0,1,448.621,621.819,14.632</point>
  <point>-0.7454458,0.6665661,0,-0.6665661,-0.7454458,0,0,0,1,459.701,660.163,4.895</point>
  <point>0.9159209,-0.4013589,0,0.4013589,0.9159209,0,0,0,1,427.727,632.74,5.344</point>
  <point>0.5784247,0.8157357,0,-0.8157357,0.5784247,0,0,0,1,509.742,624.951,15.456</point>
  <point>-0.03119853,0.9995133,0,-0.9995133,-0.03119853,0,0,0,1,446.911,626.386,14.632</point>
  <point>-0.9074622,0.4201338,0,-0.4201338,-0.9074622,0,0,0,1,417.52,691.734,4.965</point>
  <point>-0.765748,0.6431406,0,-0.6431406,-0.765748,0,0,0,1,410.082,656.897,5.559</point>
  <point>-0.9990931,0.0425798,0,-0.0425798,-0.9990931,0,0,0,1,438.885,663.138,5.006</point>
  <point>-0.01120338,0.9999372,0,-0.9999372,-0.01120338,0,0,0,1,478.46,639.766,4.9</point>
  <point>-0.9989609,-0.0455769,0,0.0455769,-0.9989609,0,0,0,1,465.099,622.231,8.175</point>
  <point>-0.03119853,0.9995133,0,-0.9995133,-0.03119853,0,0,0,1,447.045,623.24,14.632</point>
  <point>-0.3813015,-0.9244508,0,0.9244508,-0.3813015,0,0,0,1,421.883,652.293,5.543</point>
  <point>-0.9010584,0.4336978,0,-0.4336978,-0.9010584,0,0,0,1,448.681,663.355,5.011</point>
  <point>-0.3014411,0.9534848,0,-0.9534848,-0.3014411,0,0,0,1,473.854,648.41,4.842</point>
  <point>-0.8762417,0.4860088,0,-0.4860088,-0.8762417,0,0,0,1.002,403.8459,660.898,5.544038</point>
  <point>-0.7850205,0.6226932,0,-0.6226932,-0.7850205,0,0,0,1.002,391.396,669.2621,5.531012</point>
  <point>0.5209932,0.855903,0,-0.855903,0.5209932,0,0,0,1.002,402.4105,663.6172,5.56508</point>
  <point>-0.8300335,0.5612916,0,-0.5612916,-0.8300335,0,0,0,1.002,402.3094,661.3074,5.563076</point>
  <point>-0.7850205,0.6226932,0,-0.6226932,-0.7850205,0,0,0,1.002,395.9537,664.5859,5.590129</point>
  <point>0.9998195,0.01899886,0,-0.01899886,0.9998195,0,0,0,1,435.947,629.366,5.492</point>
  <point>-0.8738007,0.4903838,0,-0.4903838,-0.8738007,0,0,0,1.002,409.8543,695.8224,7.558058</point>
  <point>0.3983001,0.9194351,0,-0.9194351,0.3983001,0,0,0,1.002,402.2679,662.5551,5.56508</point>
  <point>-0.7850205,0.6226932,0,-0.6226932,-0.7850205,0,0,0,1.002,393.4302,666.8071,5.583116</point>
  <point>-0.8871871,0.4657285,0,-0.4657285,-0.8871871,0,0,0,1.002,398.4978,662.9658,5.590129</point>
  <point>-0.8678533,0.5008339,0,-0.5008339,-0.8678533,0,0,0,1.002,407.4026,697.6837,7.558058</point>
  <point>-0.8738007,0.4903838,0,-0.4903838,-0.8738007,0,0,0,1.002,412.4928,693.9891,7.530002</point>
  <point>-0.9991762,-0.04058144,0,0.04058144,-0.9991762,0,0,0,1,468.358,622.21,1.897</point>
  <point>-0.999808,-0.01959142,0,0.01959142,-0.999808,0,0,0,1,477.217,627.576,4.81</point>
  <point>0.1817798,-0.9833392,0,0.9833392,0.1817798,0,0,0,1,420.423,645.544,5.317</point>
  <point>0.9679151,0.2512776,0,-0.2512776,0.9679151,0,0,0,1,448.501,633.932,14.691</point>
  <point>0.9679151,0.2512776,0,-0.2512776,0.9679151,0,0,0,1,451.607,634.134,14.683</point>
  <point>-0.2592094,0.9658211,0,-0.9658211,-0.2592094,0,0,0,1,508.456,619.255,15.456</point>
</points>