<?xml version="1.0" encoding="UTF-8"?>
<points>
  <point>0.00861414,0.9999986,0,-0.9999986,0.00861414,0,0,0,1,425.9984,352.1333,16.10887</point>
  <point>0.6911027,-0.7228072,0,0.7228072,0.6911027,0,0,0,1,436.8366,357.7628,20.16878</point>
  <point>0.9718904,-0.2355912,0,0.2355912,0.9718904,0,0,0,1,433.1958,358.9688,23.79141</point>
  <point>0.925771,-0.3781833,0,0.3781833,0.925771,0,0,0,1,434.7842,358.5593,23.79141</point>
  <point>0.8588606,-0.5122823,0,0.5122823,0.8588606,0,0,0,1,435.7234,358.1761,23.79141</point>
  <point>0.6911031,-0.7228079,0,0.7228079,0.6911031,0,0,0,1,437.0359,357.226,23.79141</point>
  <point>0.4994814,-0.8663679,0,0.8663679,0.4994814,0,0,0,1,437.6957,356.4137,23.79141</point>
  <point>0.3644044,-0.9312811,0,0.9312811,0.3644044,0,0,0,1,438.534,354.9698,23.7914</point>
  <point>0.2211436,-0.9752798,0,0.9752798,0.2211436,0,0,0,1,438.7427,353.9923,23.7914</point>
  <point>-0.07694838,-0.9970731,0,0.9970731,-0.07694838,0,0,0,1,438.8659,352.4535,23.79141</point>
  <point>-0.1957569,-0.9806913,0,0.9806913,-0.1957569,0,0,0,1,438.745,351.4283,23.7914</point>
  <point>-0.423259,-0.9060509,0,0.9060509,-0.423259,0,0,0,1,438.1756,349.9539,23.79141</point>
  <point>-0.755925,-0.6547168,0,0.6547168,-0.755925,0,0,0,1,436.6776,347.8251,23.79141</point>
  <point>0.5468861,0.8372542,0,-0.8372542,0.5468861,0,0,0,1,427.6228,356.6428,23.79141</point>
  <point>0.4956969,0.8685411,0,-0.8685411,0.4956969,0,0,0,1,426.7427,355.0609,23.79141</point>
  <point>0.3321938,0.9432532,0,-0.9432532,0.3321938,0,0,0,1,426.4681,354.0862,23.79141</point>
  <point>0.09845875,0.9951811,0,-0.9951811,0.09845875,0,0,0,1,426.2328,352.5195,23.79141</point>
  <point>-0.1409204,0.990061,0,-0.990061,-0.1409204,0,0,0,1,426.3242,351.6223,23.79141</point>
  <point>-0.3158939,0.9488364,0,-0.9488364,-0.3158939,0,0,0,1,426.7382,349.9581,23.79141</point>
  <point>-0.6753373,0.7375631,0,-0.7375631,-0.6753373,0,0,0,1,428.5839,347.6766,23.79141</point>
  <point>-0.4272095,0.9041969,0,-0.9041969,-0.4272095,0,0,0,1,490.5318,377.7813,9.388908</point>
  <point>-0.4272095,0.9041969,0,-0.9041969,-0.4272095,0,0,0,1,491.0243,376.5456,9.218185</point>
  <point>-0.4272095,0.9041969,0,-0.9041969,-0.4272095,0,0,0,1,491.1404,374.5724,8.623482</point>
  <point>-0.4272095,0.9041969,0,-0.9041969,-0.4272095,0,0,0,1,492.1331,373.2494,8.768173</point>
  <point>0.360338,0.9328648,0,-0.9328648,0.360338,0,0,0,1,495.3113,366.2549,8.833481</point>
  <point>0.6199247,0.7847128,0,-0.7847128,0.6199247,0,0,0,1,493.0449,364.1504,8.498322</point>
  <point>0.9776134,0.2106016,0,-0.2106016,0.9776134,0,0,0,1,488.2158,362.4132,8.365791</point>
  <point>0.9122342,0.4097681,0,-0.4097681,0.9122342,0,0,0,1,470.3812,346.7976,5.445843</point>
  <point>0.8995327,0.4369467,0,-0.4369467,0.8995327,0,0,0,1,472.6896,348.2666,5.570969</point>
  <point>0.9122345,0.4097682,0,-0.4097682,0.9122345,0,0,0,1,474.5989,349.1497,5.520004</point>
  <point>0.9122345,0.4097682,0,-0.4097682,0.9122345,0,0,0,1,477.3978,350.2455,5.517921</point>
  <point>0.9995232,0.03217729,0,-0.03217729,0.9995232,0,0,0,1,444.4104,333.6825,4.5881</point>
  <point>0.9995232,0.03217729,0,-0.03217729,0.9995232,0,0,0,1,446.9017,333.8997,4.395599</point>
  <point>0.9995232,0.03217729,0,-0.03217729,0.9995232,0,0,0,1,449.5826,333.9391,4.884533</point>
  <point>-0.9173937,0.398086,0,-0.398086,-0.9173937,0,0,0,1,463.4952,426.5882,10.29029</point>
  <point>-0.9173937,0.398086,0,-0.398086,-0.9173937,0,0,0,1,460.9316,427.734,10.20225</point>
  <point>-0.9665817,0.2565224,0,-0.2565224,-0.9665817,0,0,0,1,469.2626,429.6665,10.89206</point>
  <point>-0.7779756,0.6283616,0,-0.6283616,-0.7779756,0,0,0,1,471.2076,432.6927,10.91569</point>
  <point>-0.7779756,0.6283616,0,-0.6283616,-0.7779756,0,0,0,1,473.4971,434.3732,10.99889</point>
  <point>-0.8313031,0.5558952,0,-0.5558952,-0.8313031,0,0,0,1,475.8343,434.9863,10.98147</point>
  <point>-0.3998959,0.9166065,0,-0.9166065,-0.3998959,0,0,0,1,469.2356,420.1742,9.304741</point>
  <point>-0.3998959,0.9166065,0,-0.9166065,-0.3998959,0,0,0,1,468.714,422.0515,9.304828</point>
  <point>-0.3998959,0.9166065,0,-0.9166065,-0.3998959,0,0,0,1,468.1537,423.6589,9.307786</point>
  <point>-0.8918371,0.4523584,0,-0.4523584,-0.8918371,0,0,0,1,445.4765,434.5457,9.586573</point>
  <point>-0.8918371,0.4523584,0,-0.4523584,-0.8918371,0,0,0,1,446.7102,433.9757,9.586573</point>
  <point>-0.8918371,0.4523584,0,-0.4523584,-0.8918371,0,0,0,1,448.0638,433.2798,9.586573</point>
  <point>-0.8918371,0.4523584,0,-0.4523584,-0.8918371,0,0,0,1,449.8477,432.5501,9.586573</point>
  <point>-0.8918371,0.4523584,0,-0.4523584,-0.8918371,0,0,0,1,451.477,431.7496,9.586573</point>
  <point>-0.8918371,0.4523584,0,-0.4523584,-0.8918371,0,0,0,1,453.1724,430.9366,9.586573</point>
  <point>-0.8918371,0.4523584,0,-0.4523584,-0.8918371,0,0,0,1,454.8225,430.2008,9.586573</point>
  <point>-0.9425611,-0.3340472,0,0.3340472,-0.9425611,0,0,0,1,473.4891,408.2142,19.65704</point>
  <point>-0.1111597,0.9938319,0,-0.9938319,-0.1111597,0,0,0,1,428.8925,435.8867,15.67125</point>
  <point>-0.675331,0.7375545,0,-0.7375545,-0.675331,0,0,0,1,431.1396,431.7292,15.67576</point>
  <point>-0.3722141,0.9281589,0,-0.9281589,-0.3722141,0,0,0,1,479.5494,389.9477,17.35104</point>
  <point>-0.9087301,-0.4174144,0,0.4174144,-0.9087301,0,0,0,1,481.809,388.0662,12.56428</point>
  <point>0.4694009,0.8829874,0,-0.8829874,0.4694009,0,0,0,1,453.5339,421.6411,9.251974</point>
  <point>-0.4541273,0.8909442,0,-0.8909442,-0.4541273,0,0,0,1,478.042,396.5626,14.87306</point>
  <point>-0.3722125,0.9281546,0,-0.9281546,-0.3722125,0,0,0,1,476.7739,399.3911,14.88158</point>
  <point>-0.3722125,0.9281546,0,-0.9281546,-0.3722125,0,0,0,1,477.248,398.3105,14.88131</point>
  <point>0.9631912,0.2688386,0,-0.2688386,0.9631912,0,0,0,1,469.043,413.3542,19.65704</point>
  <point>-0.3722125,0.9281546,0,-0.9281546,-0.3722125,0,0,0,1,475.9438,401.2377,14.8816</point>
  <point>-0.4232473,-0.9060313,0,0.9060313,-0.4232473,0,0,0,1,471.6605,378.1378,11.44151</point>
  <point>-0.2000319,0.9797962,0,-0.9797962,-0.2000319,0,0,0,1,468.5149,411.9097,14.86718</point>
  <point>0.8565956,0.5160157,0,-0.5160157,0.8565956,0,0,0,1,470.3897,388.0716,11.28279</point>
  <point>0.8565956,0.5160157,0,-0.5160157,0.8565956,0,0,0,1,467.7685,386.4056,11.2739</point>
  <point>0.8565956,0.5160157,0,-0.5160157,0.8565956,0,0,0,1,469.3133,387.4301,11.28291</point>
  <point>-0.4232473,-0.9060313,0,0.9060313,-0.4232473,0,0,0,1,465.3705,364.4872,11.43748</point>
  <point>-0.4232473,-0.9060313,0,0.9060313,-0.4232473,0,0,0,1,463.8904,361.3456,11.43781</point>
  <point>-0.8977373,0.4405674,0,-0.4405674,-0.8977373,0,0,0,1,461.2011,362.1559,11.48038</point>
  <point>-0.4232473,-0.9060313,0,0.9060313,-0.4232473,0,0,0,1,473.0915,381.1146,11.43927</point>
  <point>0.9139909,-0.4057708,0,0.4057708,0.9139909,0,0,0,1,465.0065,385.8023,11.48016</point>
  <point>0.9139909,-0.4057708,0,0.4057708,0.9139909,0,0,0,1,462.635,386.8558,11.44223</point>
  <point>-0.3722125,0.9281546,0,-0.9281546,-0.3722125,0,0,0,1,475.4965,402.3446,14.86733</point>
  <point>0.8859963,0.4637222,0,-0.4637222,0.8859963,0,0,0,1,475.1022,391.1286,11.27292</point>
  <point>0.442712,0.8966842,0,-0.8966842,0.442712,0,0,0,1,457.6189,378.7617,12.68942</point>
  <point>-0.9818965,-0.1894416,0,0.1894416,-0.9818965,0,0,0,1,470.7856,407.5924,19.65704</point>
  <point>-0.589332,-0.8079337,0,0.8079337,-0.589332,0,0,0,1,438.158,349.348,16.10891</point>
  <point>0.3603201,0.9328287,0,-0.9328287,0.3603201,0,0,0,1,460.3465,383.6718,11.42703</point>
  <point>0.3603201,0.9328287,0,-0.9328287,0.3603201,0,0,0,1,460.9602,384.8507,11.42703</point>
  <point>0.9139785,-0.4057643,0,0.4057643,0.9139785,0,0,0,1,458.9054,431.4078,10.2608</point>
  <point>-0.8958001,-0.4444843,0,0.4444843,-0.8958001,0,0,0,1,485.811,390.0124,17.35104</point>
  <point>-0.3158882,0.9488083,0,-0.9488083,-0.3158882,0,0,0,1,478.9162,391.2325,17.35104</point>
  <point>-0.3442045,0.9389017,0,-0.9389017,-0.3442045,0,0,0,1,474.0367,405.5056,14.85723</point>
  <point>-0.7388878,0.6738713,0,-0.6738713,-0.7388878,0,0,0,1,431.1401,431.7911,11.58678</point>
  <point>-0.8958001,-0.4444843,0,0.4444843,-0.8958001,0,0,0,1,483.0388,388.8952,17.35105</point>
  <point>0.4956751,0.8685095,0,-0.8685095,0.4956751,0,0,0,1,466.9196,431.4992,11.02341</point>
  <point>-0.9940245,0.1091896,0,-0.1091896,-0.9940245,0,0,0,1,464.5214,414.218,9.526038</point>
  <point>0.3603201,0.9328287,0,-0.9328287,0.3603201,0,0,0,1,452.4777,366.6338,11.4394</point>
  <point>0.3603201,0.9328287,0,-0.9328287,0.3603201,0,0,0,1,453.8296,422.3785,9.246903</point>
  <point>0.9122053,0.4097592,0,-0.4097592,0.9122053,0,0,0,1,478.4478,393.721,17.35104</point>
  <point>0.8859963,0.4637222,0,-0.4637222,0.8859963,0,0,0,1,473.0999,389.8786,11.26773</point>
  <point>0.4156162,0.9095597,0,-0.9095597,0.4156162,0,0,0,1,455.8767,375.0303,12.69077</point>
  <point>-0.9395788,0.3423423,0,-0.3423423,-0.9395788,0,0,0,1,459.7882,415.041,9.390133</point>
  <point>0.9718899,-0.2355908,0,0.2355908,0.9718899,0,0,0,1,434.0202,359.1466,20.17458</point>
  <point>0.2082649,-0.978107,0,0.978107,0.2082649,0,0,0,1,441.3257,438.9467,19.26941</point>
  <point>-0.208669,-0.978021,0,0.978021,-0.208669,0,0,0,1,441.6848,436.385,19.2694</point>
  <point>-0.3242494,-0.9460074,0,0.9460074,-0.3242494,0,0,0,1,441.3796,434.6866,19.26941</point>
  <point>-0.461978,-0.8869295,0,0.8869295,-0.461978,0,0,0,1,441.0284,433.7965,19.2694</point>
  <point>-0.6133007,-0.7898922,0,0.7898922,-0.6133007,0,0,0,1,440.0018,432.325,19.2694</point>
  <point>-0.724454,-0.689372,0,0.689372,-0.724454,0,0,0,1,439.3484,431.7289,19.26941</point>
  <point>-0.9425895,-0.3340542,0,0.3340542,-0.9425895,0,0,0,1,437.798,430.769,19.2694</point>
  <point>-0.9975429,-0.07053346,0,0.07053346,-0.9975429,0,0,0,1,436.984,430.5384,19.26941</point>
  <point>-0.9988126,0.04939185,0,-0.04939185,-0.9988126,0,0,0,1,435.3618,430.4406,19.26941</point>
  <point>-0.9940536,0.1091958,0,-0.1091958,-0.9940536,0,0,0,1,434.3047,430.4966,19.26941</point>
  <point>-0.847596,0.5307038,0,-0.5307038,-0.847596,0,0,0,1,432.7085,430.876,19.26941</point>
  <point>-0.7964667,0.6047365,0,-0.6047365,-0.7964667,0,0,0,1,431.911,431.425,19.26941</point>
  <point>-0.6529058,0.7574822,0,-0.7574822,-0.6529058,0,0,0,1,430.6699,432.5234,19.26941</point>
  <point>-0.4272073,0.9041897,0,-0.9041897,-0.4272073,0,0,0,1,430.1091,433.3138,19.26941</point>
  <point>-0.2872898,0.9578776,0,-0.9578776,-0.2872898,0,0,0,1,429.4766,434.7496,19.2694</point>
  <point>-0.1705541,0.9853812,0,-0.9853812,-0.1705541,0,0,0,1,429.2156,435.6855,19.2694</point>
  <point>0.1579545,0.9874791,0,-0.9874791,0.1579545,0,0,0,1,429.1957,437.3412,19.2694</point>
  <point>0.3321904,0.9432465,0,-0.9432465,0.3321904,0,0,0,1,429.375,438.396,19.26941</point>
  <point>0.5468812,0.8372484,0,-0.8372484,0.5468812,0,0,0,1,429.9814,440.0032,19.2694</point>
  <point>0.6658571,0.7461221,0,-0.7461221,0.6658571,0,0,0,1,430.5205,440.6847,19.26941</point>
  <point>0.8717043,0.4900966,0,-0.4900966,0.8717043,0,0,0,1,431.8147,441.8721,19.2694</point>
  <point>0.9776043,0.2106009,0,-0.2106009,0.9776043,0,0,0,1,434.1889,442.919,19.26941</point>
  <point>-0.9087471,-0.4174196,0,0.4174196,-0.9087471,0,0,0,1,438.8933,430.8547,15.64954</point>
  <point>0.008613238,0.9999906,0,-0.9999906,0.008613238,0,0,0,1,434.2771,334.545,9.863186</point>
  <point>0.09845608,0.9951692,0,-0.9951692,0.09845608,0,0,0,1,434.3346,336.5128,9.86195</point>
  <point>0.09845608,0.9951692,0,-0.9951692,0.09845608,0,0,0,1,434.3701,337.7617,9.846567</point>
  <point>0.09845608,0.9951692,0,-0.9951692,0.09845608,0,0,0,1,434.3702,340.0277,9.853819</point>
  <point>-0.9999709,-0.01059038,0,0.01059038,-0.9999709,0,0,0,1,431.676,342.2209,10.74006</point>
  <point>-0.9738269,0.2274088,0,-0.2274088,-0.9738269,0,0,0,1,429.7078,342.3223,10.74676</point>
  <point>-0.9050272,0.4254167,0,-0.4254167,-0.9050272,0,0,0,1,428.6078,342.639,10.74562</point>
  <point>-0.7587666,0.6514032,0,-0.6514032,-0.7587666,0,0,0,1,426.8235,343.4685,10.74545</point>
  <point>-0.7587665,0.651403,0,-0.651403,-0.7587665,0,0,0,1,425.7612,344.3774,10.7333</point>
  <point>-0.5323746,0.8465398,0,-0.8465398,-0.5323746,0,0,0,1,424.2464,346.0204,10.73799</point>
  <point>-0.3442092,0.9389208,0,-0.9389208,-0.3442092,0,0,0,1,423.0309,348.7445,10.81354</point>
  <point>-0.05136552,0.9987059,0,-0.9987059,-0.05136552,0,0,0,1,422.3161,350.5877,10.8231</point>
  <point>-0.05136552,0.9987059,0,-0.9987059,-0.05136552,0,0,0,1,422.1959,351.7558,10.82134</point>
  <point>0.3037454,0.9527803,0,-0.9527803,0.3037454,0,0,0,1,422.2155,353.7316,10.82091</point>
  <point>0.2460664,0.9692796,0,-0.9692796,0.2460664,0,0,0,1,422.5526,354.9887,10.80437</point>
  <point>0.5468774,0.8372434,0,-0.8372434,0.5468774,0,0,0,1,423.2801,356.93,10.81705</point>
  <point>0.6431727,0.7657546,0,-0.7657546,0.6431727,0,0,0,1,423.8911,357.8766,10.79736</point>
  <point>0.8241218,0.5664576,0,-0.5664576,0.8241218,0,0,0,1,427.4315,362.1208,10.82138</point>
  <point>0.9122196,0.4097635,0,-0.4097635,0.9122196,0,0,0,1,428.5504,362.7584,10.81856</point>
  <point>0.9980924,0.06214493,0,-0.06214493,0.9980924,0,0,0,1,431.6128,363.6224,10.80599</point>
  <point>0.9930925,-0.117547,0,0.117547,0.9930925,0,0,0,1,433.7659,363.467,10.81455</point>
  <point>0.9925699,0.1218827,0,-0.1218827,0.9925699,0,0,0,1,430.2564,363.4474,10.82045</point>
  <point>0.9560034,-0.2934407,0,0.2934407,0.9560034,0,0,0,1,436.0537,362.7137,10.79376</point>
  <point>0.9257601,-0.3781773,0,0.3781773,0.9257601,0,0,0,1,437.3718,362.3043,10.81322</point>
  <point>0.8430983,-0.5378057,0,0.5378057,0.8430983,0,0,0,1,439.1896,361.3712,10.8196</point>
  <point>0.6691039,-0.7432021,0,0.7432021,0.6691039,0,0,0,1,440.1285,360.6362,10.8192</point>
  <point>0.5995979,-0.8003321,0,0.8003321,0.5995979,0,0,0,1,441.4389,359.1222,10.90724</point>
  <point>0.3363034,-0.9417796,0,0.9417796,0.3363034,0,0,0,1,441.9082,357.991,10.93673</point>
  <point>0.1622636,-0.986772,0,0.986772,0.1622636,0,0,0,1,442.5221,355.816,10.99139</point>
  <point>0.9643739,-0.2646322,0,0.2646322,0.9643739,0,0,0,1,443.0496,353.78,11.04543</point>
  <point>0.9957775,0.09205562,0,-0.09205562,0.9957775,0,0,0,1,445.6479,354.2479,10.90804</point>
  <point>0.9957775,0.09205562,0,-0.09205562,0.9957775,0,0,0,1,446.9853,354.4886,10.91466</point>
  <point>0.9632084,0.2688419,0,-0.2688419,0.9632084,0,0,0,1,448.6954,354.9847,10.87839</point>
  <point>0.9240981,0.3822164,0,-0.3822164,0.9240981,0,0,0,1,449.9017,355.4864,10.8713</point>
  <point>0.8716958,0.4900933,0,-0.4900933,0.8716958,0,0,0,1,451.5284,356.4952,10.89951</point>
  <point>0.8067569,0.5909213,0,-0.5909213,0.8067569,0,0,0,1,452.5511,357.2663,10.90345</point>
  <point>0.7093917,0.7048462,0,-0.7048462,0.7093917,0,0,0,1,453.9264,358.6439,10.89944</point>
  <point>0.596095,0.8029416,0,-0.8029416,0.596095,0,0,0,1,454.6835,359.6105,10.87973</point>
  <point>0.4694114,0.8830048,0,-0.8830048,0.4694114,0,0,0,1,455.6255,361.3232,10.89051</point>
  <point>0.9319834,-0.3625561,0,0.3625561,0.9319834,0,0,0,1,467.4547,369.1028,11.42704</point>
  <point>0.8956253,-0.444854,0,0.444854,0.8956253,0,0,0,1,466.4701,369.6293,11.42704</point>
  <point>-0.4351585,-0.9003753,0,0.9003753,-0.4351585,0,0,0,1,465.4042,370.9723,11.42703</point>
  <point>-0.4351585,-0.9003753,0,0.9003753,-0.4351585,0,0,0,1,465.8571,371.9403,11.42704</point>
  <point>-0.4351585,-0.9003753,0,0.9003753,-0.4351585,0,0,0,1,466.7011,373.8302,11.42704</point>
  <point>-0.4351585,-0.9003753,0,0.9003753,-0.4351585,0,0,0,1,466.2978,372.898,11.42704</point>
  <point>-0.4351585,-0.9003753,0,0.9003753,-0.4351585,0,0,0,1,467.1441,374.7143,11.42704</point>
  <point>-0.891855,0.4523684,0,-0.4523684,-0.891855,0,0,0,1,468.4828,374.2855,11.42704</point>
  <point>-0.891855,0.4523684,0,-0.4523684,-0.891855,0,0,0,1,469.4939,373.8998,11.42703</point>
  <point>0.8880168,-0.4598484,0,0.4598484,0.8880168,0,0,0,1,459.3414,378.8439,17.38585</point>
  <point>0.8880168,-0.4598484,0,0.4598484,0.8880168,0,0,0,1,460.4424,378.2703,17.38585</point>
  <point>0.8880168,-0.4598484,0,0.4598484,0.8880168,0,0,0,1,462.1134,377.4609,17.38585</point>
  <point>0.8880168,-0.4598484,0,0.4598484,0.8880168,0,0,0,1,463.2747,376.9645,17.38585</point>
  <point>0.8880168,-0.4598484,0,0.4598484,0.8880168,0,0,0,1,464.8552,376.3062,17.38585</point>
  <point>0.8880168,-0.4598484,0,0.4598484,0.8880168,0,0,0,1,466.0552,375.6888,17.38585</point>
  <point>0.8880168,-0.4598484,0,0.4598484,0.8880168,0,0,0,1,467.7433,374.8883,17.38585</point>
  <point>0.8880168,-0.4598484,0,0.4598484,0.8880168,0,0,0,1,468.8977,374.3585,17.38585</point>
  <point>-0.4232475,-0.9060323,0,0.9060323,-0.4232475,0,0,0,1,467.8969,370.0135,17.38585</point>
  <point>-0.4232475,-0.9060323,0,0.9060323,-0.4232475,0,0,0,1,469.1603,372.844,17.38585</point>
  <point>-0.8977373,0.4405674,0,-0.4405674,-0.8977373,0,0,0,1,466.3136,369.3029,17.38585</point>
  <point>-0.8977373,0.4405674,0,-0.4405674,-0.8977373,0,0,0,1,465.3891,369.7393,17.38585</point>
  <point>-0.8977373,0.4405674,0,-0.4405674,-0.8977373,0,0,0,1,463.6121,370.5296,17.38585</point>
  <point>-0.8977373,0.4405674,0,-0.4405674,-0.8977373,0,0,0,1,462.5427,371.0837,17.38585</point>
  <point>-0.8977373,0.4405674,0,-0.4405674,-0.8977373,0,0,0,1,460.7436,371.8253,17.38585</point>
  <point>-0.8977373,0.4405674,0,-0.4405674,-0.8977373,0,0,0,1,459.5974,372.4138,17.38585</point>
  <point>-0.8977373,0.4405674,0,-0.4405674,-0.8977373,0,0,0,1,457.9478,373.1168,17.38585</point>
  <point>-0.8977373,0.4405674,0,-0.4405674,-0.8977373,0,0,0,1,456.9592,373.6049,17.38585</point>
  <point>-0.8977373,0.4405674,0,-0.4405674,-0.8977373,0,0,0,1,455.4258,364.7632,11.48668</point>
  <point>-0.8977373,0.4405674,0,-0.4405674,-0.8977373,0,0,0,1,453.0445,365.9886,11.45001</point>
  <point>-0.8977373,0.4405674,0,-0.4405674,-0.8977373,0,0,0,1,462.9946,361.3412,11.45022</point>
  <point>-0.3722125,0.9281546,0,-0.9281546,-0.3722125,0,0,0,1,474.4807,404.3905,14.87373</point>
  <point>-0.9818965,-0.1894416,0,0.1894416,-0.9818965,0,0,0,1,472.5244,407.9961,19.65704</point>
  <point>0.3881392,0.9216021,0,-0.9216021,0.3881392,0,0,0,1,466.4261,430.261,11.00259</point>
  <point>0.9139785,-0.4057643,0,0.4057643,0.9139785,0,0,0,1,460.7739,430.612,10.26752</point>
  <point>0.08967586,-0.9960055,0,0.9960055,0.08967586,0,0,0,1,439.0706,353.1692,16.10877</point>
  <point>-0.3722141,0.9281589,0,-0.9281589,-0.3722141,0,0,0,1,480.2469,388.3083,17.35104</point>
  <point>0.3603201,0.9328287,0,-0.9328287,0.3603201,0,0,0,1,454.8403,371.6156,11.45596</point>
  <point>-0.9087301,-0.4174144,0,0.4174144,-0.9087301,0,0,0,1,484.7132,389.6543,12.40487</point>
  <point>0.9631912,0.2688386,0,-0.2688386,0.9631912,0,0,0,1,470.6157,413.7791,19.65704</point>
  <point>0.7031565,-0.7110831,0,0.7110831,0.7031565,0,0,0,1,437.5661,357.0189,16.10891</point>
  <point>0.3603201,0.9328287,0,-0.9328287,0.3603201,0,0,0,1,461.8465,387.0027,11.4291</point>
  <point>-0.9903278,0.138963,0,-0.138963,-0.9903278,0,0,0,1,435.8383,430.0363,15.64747</point>
  <point>0.4156079,0.9095439,0,-0.9095439,0.4156079,0,0,0,1,457.9124,430.6419,10.27283</point>
  <point>-0.4271999,0.9041678,0,-0.9041678,-0.4271999,0,0,0,1,479.7458,388.5204,12.59968</point>
  <point>0.9686968,-0.248384,0,0.248384,0.9686968,0,0,0,1,434.1332,359.0904,16.10859</point>
  <point>0.9631938,0.2688394,0,-0.2688394,0.9631938,0,0,0,1,469.2532,413.9126,14.90585</point>
  <point>0.4156079,0.9095439,0,-0.9095439,0.4156079,0,0,0,1,454.7899,424.1356,9.271382</point>
  <point>-0.8820801,-0.47116,0,0.47116,-0.8820801,0,0,0,1,438.6577,430.9067,11.58668</point>
  <point>0.8407319,0.5414775,0,-0.5414775,0.8407319,0,0,0,1,472.0699,389.2045,11.28332</point>
  <point>0.162264,-0.9867848,0,0.9867848,0.162264,0,0,0,1,439.1828,353.2036,20.19595</point>
  <point>-0.3158882,0.9488083,0,-0.9488083,-0.3158882,0,0,0,1,478.3024,392.6159,17.35105</point>
  <point>-0.9321196,-0.3621706,0,0.3621706,-0.9321196,0,0,0,1,471.0819,407.364,14.7513</point>
  <point>-0.2000339,0.9798188,0,-0.9798188,-0.2000339,0,0,0,1,429.0842,435.1387,11.58678</point>
  <point>-0.9665453,0.2565087,0,-0.2565087,-0.9665453,0,0,0,1,461.0303,414.7597,9.409316</point>
  <point>0.6198977,0.7846844,0,-0.7846844,0.6198977,0,0,0,1,467.8056,433.2825,11.03226</point>
  <point>0.3603201,0.9328287,0,-0.9328287,0.3603201,0,0,0,1,458.3156,379.1803,17.38585</point>
  <point>0.3603201,0.9328287,0,-0.9328287,0.3603201,0,0,0,1,456.8904,376.152,17.38585</point>
  <point>0.3603201,0.9328287,0,-0.9328287,0.3603201,0,0,0,1,457.412,377.2141,17.38585</point>
  <point>0.3603201,0.9328287,0,-0.9328287,0.3603201,0,0,0,1,456.141,374.587,17.38585</point>
  <point>-0.1705516,0.9853514,0,-0.9853514,-0.1705516,0,0,0,1,455.3261,419.6839,9.211434</point>
  <point>0.8994958,0.4369329,0,-0.4369329,0.8994958,0,0,0,1,471.1593,436.1897,11.0152</point>
  <point>0.4156079,0.9095439,0,-0.9095439,0.4156079,0,0,0,1,457.3884,429.467,10.28247</point>
  <point>0.665835,0.7461008,0,-0.7461008,0.665835,0,0,0,1,468.594,434.2465,11.03149</point>
  <point>-0.990302,0.1389568,0,-0.1389568,-0.990302,0,0,0,1,463.3248,414.4142,9.399936</point>
  <point>-0.9050066,0.4254047,0,-0.4254047,-0.9050066,0,0,0,1,455.9135,416.3271,9.297166</point>
  <point>0.9925464,0.1218816,0,-0.1218816,0.9925464,0,0,0,1,474.4577,437.1922,11.00606</point>
  <point>0.9708179,0.2398251,0,-0.2398251,0.9708179,0,0,0,1,473.2142,436.9515,11.02661</point>
  <point>0.7886517,0.6148425,0,-0.6148425,0.7886517,0,0,0,1,470.0702,435.5788,11.03128</point>
  <point>-0.2872849,0.9578521,0,-0.9578521,-0.2872849,0,0,0,1,469.5313,408.8206,14.69553</point>
  <point>-0.2584236,0.9660358,0,-0.9660358,-0.2584236,0,0,0,1,469.8773,407.7137,19.65704</point>
  <point>0.3603201,0.9328287,0,-0.9328287,0.3603201,0,0,0,1,459.5769,381.8693,11.42703</point>
  <point>-0.2584236,0.9660358,0,-0.9660358,-0.2584236,0,0,0,1,468.5452,412.553,19.65704</point>
  <point>-0.9802118,0.1980965,0,-0.1980965,-0.9802118,0,0,0,1,434.8078,430.1428,11.58709</point>
</points>