<?xml version="1.0" encoding="UTF-8"?>
<points>
  <point>-0.6436281,0.7653785,0,-0.7653785,-0.6436281,0,0,0,1,465.0254,692.2589,6.4135</point>
  <point>-0.4989664,-0.8666544,0,0.8666544,-0.4989664,0,0,0,1,390.2404,694.4841,7.089972</point>
  <point>-0.8569126,0.5155158,0,-0.5155158,-0.8569126,0,0,0,1,409.7941,695.3702,5.85535</point>
  <point>-0.3073419,-0.9516295,0,0.9516295,-0.3073419,0,0,0,1,388.3489,688.2254,4.885871</point>
  <point>-0.9835842,0.1806012,0,-0.1806012,-0.9835842,0,0,0,1,431.9678,687.5578,4.814996</point>
  <point>-0.5220236,0.8529658,0,-0.8529658,-0.5220236,0,0,0,1,402.0489,713.7635,12.88405</point>
  <point>-0.9124637,0.4092256,0,-0.4092256,-0.9124637,0,0,0,1,417.7349,691.0449,4.806548</point>
  <point>-0.9835842,0.1806012,0,-0.1806012,-0.9835842,0,0,0,1,426.9045,688.3757,4.782792</point>
  <point>-0.7120531,-0.7021662,0,0.7021662,-0.7120531,0,0,0,1,395.4837,702.5731,7.00599</point>
  <point>-0.2497254,-0.9683465,0,0.9683465,-0.2497254,0,0,0,1,388.8187,689.7878,4.885871</point>
  <point>-0.2497254,-0.9683465,0,0.9683465,-0.2497254,0,0,0,1,389.3117,691.5353,4.926678</point>
  <point>-0.9353603,0.353774,0,-0.353774,-0.9353603,0,0,0,1,422.4435,689.4268,4.811408</point>
  <point>-0.9835842,0.1806012,0,-0.1806012,-0.9835842,0,0,0,1,433.2051,687.4081,4.812565</point>
  <point>-0.6686671,-0.7436002,0,0.7436002,-0.6686671,0,0,0,1,393.2518,699.7602,7.023815</point>
  <point>-0.522024,0.8529667,0,-0.8529667,-0.522024,0,0,0,1,461.0862,697.5833,6.4135</point>
  <point>-0.7120531,-0.7021662,0,0.7021662,-0.7120531,0,0,0,1,396.4998,703.6613,7.025401</point>
  <point>-0.7120531,-0.7021662,0,0.7021662,-0.7120531,0,0,0,1,394.5246,701.4112,6.971795</point>
  <point>-0.7306227,0.6828223,0,-0.6828223,-0.7306227,0,0,0,1,405.069,699.3718,5.870252</point>
  <point>-0.4989664,-0.8666544,0,0.8666544,-0.4989664,0,0,0,1,390.9771,696.1069,7.095078</point>
  <point>-0.999626,-0.02840423,0,0.02840423,-0.999626,0,0,0,1,409.2529,713.0389,12.88405</point>
  <point>-0.998325,-0.05837583,0,0.05837583,-0.998325,0,0,0,1,403.0073,711.3177,8.122116</point>
  <point>-0.5473743,0.8369245,0,-0.8369245,-0.5473743,0,0,0,1,462.2477,695.8451,6.413501</point>
  <point>-0.9835842,0.1806012,0,-0.1806012,-0.9835842,0,0,0,1,425.5294,688.6849,4.807894</point>
  <point>-0.9835842,0.1806012,0,-0.1806012,-0.9835842,0,0,0,1,429.988,687.8156,4.81985</point>
  <point>-0.9353603,0.353774,0,-0.353774,-0.9353603,0,0,0,1,423.8893,689.0937,4.813243</point>
  <point>-0.572232,0.8201292,0,-0.8201292,-0.572232,0,0,0,1,463.5634,693.9283,6.413499</point>
  <point>-0.8997782,0.4364113,0,-0.4364113,-0.8997782,0,0,0,1,416.4626,691.5345,4.811707</point>
  <point>-0.9835842,0.1806012,0,-0.1806012,-0.9835842,0,0,0,1,428.76,687.9604,4.791686</point>
  <point>-0.9455512,0.3255583,0,-0.3255583,-0.9455512,0,0,0,1,419.431,690.4639,4.842438</point>
  <point>-0.6662948,0.7457261,0,-0.7457261,-0.6662948,0,0,0,1,400.6647,705.4648,7.076497</point>
  <point>-0.7528765,-0.6582052,0,0.6582052,-0.7528765,0,0,0,1,397.7253,704.6782,7.012367</point>
  <point>-0.5991272,-0.8006896,0,0.8006896,-0.5991272,0,0,0,1,392.099,698.0223,7.058685</point>
  <point>-0.998325,-0.05837583,0,0.05837583,-0.998325,0,0,0,1,406.1198,711.1371,8.1511</point>
  <point>-0.8071107,0.5904474,0,-0.5904474,-0.8071107,0,0,0,1,407.2933,697.3222,5.863007</point>
  <point>-0.8719902,0.4895803,0,-0.4895803,-0.8719902,0,0,0,1,412.4553,693.7123,5.865694</point>
  <point>-0.5965742,0.8025949,0,-0.8025949,-0.5965742,0,0,0,1,403.4468,711.4784,12.88405</point>
  <point>0.1798153,-0.9837133,0,0.9837133,0.1798153,0,0,0,1,425.0983,667.1049,2.790034</point>
  <point>-0.9969309,0.07832759,0,-0.07832759,-0.9969309,0,0,0,1,450.2612,659.9371,2.916797</point>
  <point>-0.9399202,0.3414025,0,-0.3414025,-0.9399202,0,0,0,1,464.4445,656.3185,2.867993</point>
  <point>-0.4815212,0.8764361,0,-0.8764361,-0.4815212,0,0,0,1,498.5942,629.2793,2.797323</point>
  <point>-0.9755518,-0.219784,0,0.219784,-0.9755518,0,0,0,1,432.4529,655.6586,8.748841</point>
  <point>-0.7970482,0.6039193,0,-0.6039193,-0.7970482,0,0,0,1,486.8062,647.2366,2.98244</point>
  <point>-0.975551,-0.219784,0,0.219784,-0.975551,0,0,0,1,533.0479,614.4442,2.649227</point>
  <point>-0.7190198,0.6949925,0,-0.6949925,-0.7190198,0,0,0,1,489.1079,645.1721,3.026247</point>
  <point>-0.9177572,0.3971496,0,-0.3971496,-0.9177572,0,0,0,1,459.6764,658.3062,2.928365</point>
  <point>-0.8922892,0.4514663,0,-0.4514663,-0.8922892,0,0,0,1,504.9113,623.8417,2.795781</point>
  <point>-0.9974416,-0.07153143,0,0.07153143,-0.9974416,0,0,0,1,445.8138,659.7623,2.913176</point>
  <point>-0.9974416,-0.07153143,0,0.07153143,-0.9974416,0,0,0,1,446.9856,659.7974,2.907035</point>
  <point>-0.9668005,0.2555419,0,-0.2555419,-0.9668005,0,0,0,1,476.5971,651.9914,3.036668</point>
  <point>-0.4550155,0.8904853,0,-0.8904853,-0.4550155,0,0,0,1,495.9233,634.1948,2.878529</point>
  <point>-0.975551,-0.219784,0,0.219784,-0.975551,0,0,0,1,534.4392,614.8311,2.651894</point>
  <point>-0.9668005,0.2555419,0,-0.2555419,-0.9668005,0,0,0,1,520.9698,615.1258,2.702711</point>
  <point>-0.9805421,-0.1963094,0,0.1963094,-0.9805421,0,0,0,1,432.144,655.236,4.054</point>
  <point>-0.9969309,0.07832759,0,-0.07832759,-0.9969309,0,0,0,1,452.1835,659.8312,2.920274</point>
  <point>-0.4550155,0.8904853,0,-0.8904853,-0.4550155,0,0,0,1,497.9033,630.611,2.776644</point>
  <point>-0.998831,0.04838874,0,-0.04838874,-0.998831,0,0,0,1,526.1392,614.1006,2.65525</point>
  <point>-0.4815213,0.8764363,0,-0.8764363,-0.4815213,0,0,0,1,494.3979,637.0129,2.879406</point>
  <point>-0.8318275,0.5550383,0,-0.5550383,-0.8318275,0,0,0,1,484.1075,648.9943,3.015407</point>
  <point>-0.9668005,0.2555419,0,-0.2555419,-0.9668005,0,0,0,1,475.3003,652.2917,3.000587</point>
  <point>-0.9869747,-0.1608905,0,0.1608905,-0.9869747,0,0,0,1,531.0478,614.2053,2.675273</point>
  <point>-0.9913574,-0.1312133,0,0.1312133,-0.9913574,0,0,0,1,444.0581,659.489,2.943911</point>
  <point>-0.9755518,-0.219784,0,0.219784,-0.9755518,0,0,0,1,435.6487,656.3395,2.804664</point>
  <point>-0.4550155,0.8904853,0,-0.8904853,-0.4550155,0,0,0,1,496.7711,632.6016,2.871192</point>
  <point>0.1798153,-0.9837133,0,0.9837133,0.1798153,0,0,0,1,425.3873,665.9142,2.790034</point>
  <point>-0.867029,-0.4982627,0,0.4982627,-0.867029,0,0,0,1,542.2488,618.4635,4.272784</point>
  <point>-0.7785736,0.6275544,0,-0.6275544,-0.7785736,0,0,0,1,502.1311,625.4474,2.799894</point>
  <point>-0.975551,-0.219784,0,0.219784,-0.975551,0,0,0,1,536.3425,615.3775,2.692042</point>
  <point>-0.9497375,0.3130553,0,-0.3130553,-0.9497375,0,0,0,1,478.3089,651.5413,3.008352</point>
  <point>-0.8783469,0.4780285,0,-0.4780285,-0.8783469,0,0,0,1,482.4191,649.8957,3.011661</point>
  <point>-0.9292564,0.369442,0,-0.369442,-0.9292564,0,0,0,1,479.5814,651.1159,3.000476</point>
  <point>-0.9969309,0.07832759,0,-0.07832759,-0.9969309,0,0,0,1,453.3757,659.6562,2.916562</point>
  <point>-0.998831,0.04838874,0,-0.04838874,-0.998831,0,0,0,1,527.537,613.9839,2.67681</point>
  <point>-0.9548909,0.2970495,0,-0.2970495,-0.9548909,0,0,0,1,420.6895,690.0638,4.786447</point>
  <point>-0.8877528,-0.4603781,0,0.4603781,-0.8877528,0,0,0,1,516.0195,614.4445,2.861584</point>
  <point>-0.9835831,0.180601,0,-0.180601,-0.9835831,0,0,0,1,511.9931,614.0276,2.861978</point>
  <point>-0.6436252,0.7653748,0,-0.7653748,-0.6436252,0,0,0,1,508.6019,615.9958,2.861761</point>
  <point>-0.1585362,0.9873793,0,-0.9873793,-0.1585362,0,0,0,1,506.8148,619.746,2.861803</point>
  <point>-0.5748379,-0.8182972,0,0.8182972,-0.5748379,0,0,0,1,518.631,617.1441,10.5444</point>
  <point>-0.8427796,-0.5383037,0,0.5383037,-0.8427796,0,0,0,1,516.725,615.1573,10.5444</point>
  <point>-0.955829,-0.2940056,0,0.2940056,-0.955829,0,0,0,1,515.239,614.4595,10.5444</point>
  <point>-0.993022,-0.1181339,0,0.1181339,-0.993022,0,0,0,1,514.1775,614.1754,10.5444</point>
  <point>0.9664117,0.2570865,0,-0.2570865,0.9664117,0,0,0,1,512.7087,626.8101,10.5444</point>
  <point>0.8628263,0.5055448,0,-0.5055448,0.8628263,0,0,0,1,510.3374,626.1154,10.5444</point>
  <point>0.7384849,0.6743031,0,-0.6743031,0.7384849,0,0,0,1,508.8759,624.9948,10.5444</point>
  <point>0.6748906,0.7379479,0,-0.7379479,0.6748906,0,0,0,1,508.2185,624.3133,10.5444</point>
  <point>0.4266692,0.904432,0,-0.904432,0.4266692,0,0,0,1,507.4324,622.817,10.5444</point>
  <point>0.2578556,0.966206,0,-0.966206,0.2578556,0,0,0,1,507.1508,621.7342,10.5444</point>
  <point>-0.06914992,0.9976279,0,-0.9976279,-0.06914992,0,0,0,1,507.0526,620.1183,10.5444</point>
  <point>-0.2755961,0.9612958,0,-0.9612958,-0.2755961,0,0,0,1,507.2604,619.2813,10.5444</point>
  <point>-0.3043066,0.9525966,0,-0.9525966,-0.3043066,0,0,0,1,507.6786,617.6705,10.5444</point>
  <point>-0.3073393,-0.9516213,0,0.9516213,-0.3073393,0,0,0,1,472.4762,650.7101,2.832568</point>
  <point>-0.9548833,0.2970472,0,-0.2970472,-0.9548833,0,0,0,1,470.4033,650.3268,2.798116</point>
  <point>-0.9548833,0.2970472,0,-0.2970472,-0.9548833,0,0,0,1,467.2115,650.8965,2.930763</point>
  <point>0.2867206,0.958034,0,-0.958034,0.2867206,0,0,0,1,466.0367,652.5876,2.962553</point>
  <point>0.3153282,0.9490024,0,-0.9490024,0.3153282,0,0,0,1,467.6523,656.572,7.714044</point>
  <point>0.3153282,0.9490024,0,-0.9490024,0.3153282,0,0,0,1,467.2082,655.1578,7.714044</point>
  <point>0.3716667,0.9283862,0,-0.9283862,0.3716667,0,0,0,1,466.8471,653.8242,7.714043</point>
  <point>0.2578547,0.9662027,0,-0.9662027,0.2578547,0,0,0,1,466.2958,652.1666,7.714043</point>
  <point>-0.3073382,-0.951618,0,0.951618,-0.3073382,0,0,0,1,473.565,654.9888,7.714045</point>
  <point>-0.3073382,-0.951618,0,0.951618,-0.3073382,0,0,0,1,473.0631,653.1541,7.714044</point>
  <point>-0.3073382,-0.951618,0,0.951618,-0.3073382,0,0,0,1,472.7295,652.1748,7.714043</point>
  <point>-0.2205643,-0.9753897,0,0.9753897,-0.2205643,0,0,0,1,472.1064,650.6867,7.714043</point>
  <point>-0.6460536,-0.7633135,0,0.7633135,-0.6460536,0,0,0,1,393.5486,673.653,9.036148</point>
  <point>0.0475937,-0.9988827,0,0.9988827,0.0475937,0,0,0,1,394.9278,678.19,9.040009</point>
  <point>-0.5991193,-0.8006793,0,0.8006793,-0.5991193,0,0,0,1,393.8746,674.3073,4.951875</point>
  <point>0.04759374,-0.9988821,0,0.9988821,0.04759374,0,0,0,1,394.6397,678.1997,4.952188</point>
  <point>-0.1880798,0.9821682,0,-0.9821682,-0.1880798,0,0,0,1,429.9471,667.8367,2.790034</point>
  <point>-0.1880798,0.9821682,0,-0.9821682,-0.1880798,0,0,0,1,430.1776,666.7634,2.790034</point>
  <point>0.9902293,0.1395451,0,-0.1395451,0.9902293,0,0,0,1,429.5061,665.152,2.790033</point>
  <point>0.9902293,0.1395451,0,-0.1395451,0.9902293,0,0,0,1,428.4443,664.916,2.790033</point>
  <point>0.9902293,0.1395451,0,-0.1395451,0.9902293,0,0,0,1,427.188,664.7219,2.790034</point>
  <point>-0.2174544,0.9760813,0,-0.9760813,-0.2174544,0,0,0,1,417.1129,661.2078,2.862935</point>
  <point>-0.2174544,0.9760813,0,-0.9760813,-0.2174544,0,0,0,1,416.769,663.4634,2.830791</point>
  <point>0.9855945,0.1691838,0,-0.1691838,0.9855945,0,0,0,1,416.908,665.3603,2.802364</point>
  <point>0.9855945,0.1691838,0,-0.1691838,0.9855945,0,0,0,1,420.5426,666.0917,2.803984</point>
  <point>0.9663994,0.2570828,0,-0.2570828,0.9663994,0,0,0,1,435.1036,669.0089,2.80031</point>
  <point>-0.1288454,0.9916739,0,-0.9916739,-0.1288454,0,0,0,1,427.1931,655.653,8.748841</point>
  <point>-0.1288454,0.9916739,0,-0.9916739,-0.1288454,0,0,0,1,426.9344,656.8491,8.74884</point>
  <point>-0.1288454,0.9916739,0,-0.9916739,-0.1288454,0,0,0,1,426.633,658.814,8.748842</point>
  <point>-0.1288454,0.9916739,0,-0.9916739,-0.1288454,0,0,0,1,426.2981,659.9645,8.748841</point>
  <point>-0.1288454,0.9916739,0,-0.9916739,-0.1288454,0,0,0,1,425.9133,661.8345,8.748841</point>
  <point>-0.1288454,0.9916739,0,-0.9916739,-0.1288454,0,0,0,1,425.7138,662.9065,8.748841</point>
  <point>-0.1288454,0.9916739,0,-0.9916739,-0.1288454,0,0,0,1,425.3795,664.7479,8.74884</point>
  <point>0.1798142,-0.9837083,0,0.9837083,0.1798142,0,0,0,1,430.9076,665.8203,8.74884</point>
  <point>0.1798142,-0.9837083,0,0.9837083,0.1798142,0,0,0,1,431.491,662.7982,8.748841</point>
  <point>0.9902244,0.1395442,0,-0.1395442,0.9902244,0,0,0,1,429.0968,667.7197,8.748841</point>
  <point>0.1798142,-0.9837083,0,0.9837083,0.1798142,0,0,0,1,432.1357,659.7184,8.74884</point>
  <point>0.9902244,0.1395442,0,-0.1395442,0.9902244,0,0,0,1,426.252,667.1083,8.748842</point>
  <point>0.1798142,-0.9837083,0,0.9837083,0.1798142,0,0,0,1,432.8012,656.7546,8.748841</point>
  <point>0.5403062,-0.8414772,0,0.8414772,0.5403062,0,0,0,1,393.5023,681.4872,12.6344</point>
  <point>0.1205036,-0.9927201,0,0.9927201,0.1205036,0,0,0,1,394.4893,679.0959,12.6344</point>
  <point>-0.1782473,-0.9839928,0,0.9839928,-0.1782473,0,0,0,1,394.6592,677.4927,12.6344</point>
  <point>-0.4610758,-0.8873684,0,0.8873684,-0.4610758,0,0,0,1,393.919,674.986,12.6344</point>
  <point>-0.3232917,-0.9463064,0,0.9463064,-0.3232917,0,0,0,1,394.508,676.5564,12.6344</point>
  <point>-0.7027177,-0.7114779,0,0.7114779,-0.7027177,0,0,0,1,393.5286,674.1451,12.6344</point>
  <point>-0.8187399,-0.5741757,0,0.5741757,-0.8187399,0,0,0,1,392.3615,672.9799,12.6344</point>
  <point>-0.8815878,-0.4720334,0,0.4720334,-0.8815878,0,0,0,1,391.6275,672.446,12.6344</point>
  <point>-0.9755547,-0.2197849,0,0.2197849,-0.9755547,0,0,0,1,389.9054,671.5928,12.6344</point>
  <point>-0.999939,-0.01159236,0,0.01159236,-0.999939,0,0,0,1,389.2144,671.5024,12.6344</point>
  <point>-0.966804,0.2555427,0,-0.2555427,-0.966804,0,0,0,1,387.2505,671.4791,12.6344</point>
  <point>-0.9292597,0.3694433,0,-0.3694433,-0.9292597,0,0,0,1,386.5142,671.6684,12.6344</point>
  <point>-0.8148075,0.5797416,0,-0.5797416,-0.8148075,0,0,0,1,384.9339,672.3654,12.6344</point>
  <point>-0.5583473,0.8296139,0,-0.8296139,-0.5583473,0,0,0,1,382.9958,674.228,12.6344</point>
  <point>-0.5075955,0.8616014,0,-0.8616014,-0.5075955,0,0,0,1,391.6644,667.6631,3.329992</point>
  <point>-0.5829806,0.8124923,0,-0.8124923,-0.5829806,0,0,0,1,392.7603,666.0859,3.32101</point>
  <point>-0.5829806,0.8124923,0,-0.8124923,-0.5829806,0,0,0,1,393.5182,665.0255,3.341502</point>
  <point>-0.6536466,0.7568064,0,-0.7568064,-0.6536466,0,0,0,1,394.8003,663.6196,3.344456</point>
  <point>-0.7190219,0.6949948,0,-0.6949948,-0.7190219,0,0,0,1,395.635,662.7459,3.340956</point>
  <point>-0.739545,0.6731147,0,-0.6731147,-0.739545,0,0,0,1,397.2128,661.4617,3.313782</point>
  <point>-0.6070875,0.7946374,0,-0.7946374,-0.6070875,0,0,0,1,490.1327,644.1385,3.02111</point>
  <point>-0.6070875,0.7946374,0,-0.7946374,-0.6070875,0,0,0,1,491.2881,642.7852,3.017264</point>
  <point>-0.4281002,0.9037331,0,-0.9037331,-0.4281002,0,0,0,1,493.8145,638.2282,2.865705</point>
  <point>-0.7594005,0.6506267,0,-0.6506267,-0.7594005,0,0,0,1,487.8291,646.3736,2.988416</point>
  <point>-0.4007997,0.9161675,0,-0.9161675,-0.4007997,0,0,0,1,495.3713,635.3848,2.877554</point>
  <point>-0.4281002,0.9037331,0,-0.9037331,-0.4281002,0,0,0,1,492.8291,640.0374,2.873185</point>
  <point>-0.8318274,0.5550384,0,-0.5550384,-0.8318274,0,0,0,1,485.2407,648.2934,3.011091</point>
  <point>0.9902293,0.1395451,0,-0.1395451,0.9902293,0,0,0,1,425.786,664.4915,2.790034</point>
  <point>-0.8481006,0.5298367,0,-0.5298367,-0.8481006,0,0,0,1,503.3175,624.6445,2.800639</point>
  <point>-0.9805421,-0.1963094,0,0.1963094,-0.9805421,0,0,0,1,428.235,654.401,4.052</point>
  <point>-0.9740312,0.2264275,0,-0.2264275,-0.9740312,0,0,0,1,456.6791,659.1349,2.892951</point>
  <point>-0.9755518,-0.219784,0,0.219784,-0.9755518,0,0,0,1,440.957,657.3634,2.803054</point>
  <point>-0.878347,0.4780284,0,-0.4780284,-0.878347,0,0,0,1,481.3639,650.4136,2.991459</point>
  <point>-0.9969309,0.07832759,0,-0.07832759,-0.9969309,0,0,0,1,449.172,659.9651,2.897051</point>
  <point>-0.9399202,0.3414025,0,-0.3414025,-0.9399202,0,0,0,1,462.6955,657.1162,2.922426</point>
  <point>-0.9755518,-0.219784,0,0.219784,-0.9755518,0,0,0,1,430.7341,655.3712,8.748841</point>
  <point>-0.8148065,0.5797413,0,-0.5797413,-0.8148065,0,0,0,1,400.9774,659.1121,3.35427</point>
  <point>-0.8318297,0.5550401,0,-0.5550401,-0.8318297,0,0,0,1,399.8664,659.7563,3.355197</point>
  <point>-0.7785769,0.6275573,0,-0.6275573,-0.7785769,0,0,0,1,398.286,660.6811,3.317449</point>
  <point>-0.9606186,-0.2778868,0,0.2778868,-0.9606186,0,0,0,1,414.9009,656.7879,3.138405</point>
  <point>-0.1715369,0.9851816,0,-0.9851816,-0.1715369,0,0,0,1,418.2168,656.2031,2.843488</point>
  <point>-0.1715369,0.9851816,0,-0.9851816,-0.1715369,0,0,0,1,418.7767,653.7464,2.806403</point>
  <point>-0.9755518,-0.219784,0,0.219784,-0.9755518,0,0,0,1,427.6167,654.7327,8.748841</point>
  <point>-0.9497395,0.3130562,0,-0.3130562,-0.9497395,0,0,0,1,406.4966,656.7032,3.139766</point>
  <point>-0.9999375,-0.01159209,0,0.01159209,-0.9999375,0,0,0,1,411.856,656.181,3.144012</point>
  <point>-0.9948485,-0.1014181,0,0.1014181,-0.9948485,0,0,0,1,413.0329,656.3478,3.143839</point>
  <point>-0.9177586,0.3971504,0,-0.3971504,-0.9177586,0,0,0,1,405.2687,657.1427,3.119289</point>
  <point>-0.9755518,-0.219784,0,0.219784,-0.9755518,0,0,0,1,419.1243,653.0016,2.793001</point>
  <point>-0.9755518,-0.219784,0,0.219784,-0.9755518,0,0,0,1,424.3724,654.071,2.80019</point>
  <point>-0.9869747,-0.1608905,0,0.1608905,-0.9869747,0,0,0,1,529.5652,614.0587,2.680185</point>
  <point>-0.9904394,0.1379664,0,-0.1379664,-0.9904394,0,0,0,1,524.1677,614.3712,2.664539</point>
  <point>-0.9755518,-0.219784,0,0.219784,-0.9755518,0,0,0,1,429.5449,655.1011,8.748841</point>
  <point>-0.8636152,0.5041613,0,-0.5041613,-0.8636152,0,0,0,1,402.7283,658.3338,3.345815</point>
  <point>-0.917757,0.3971496,0,-0.3971496,-0.917757,0,0,0,1,461.4191,657.6575,2.921146</point>
  <point>-0.9904394,0.1379664,0,-0.1379664,-0.9904394,0,0,0,1,522.8127,614.665,2.671685</point>
  <point>-0.9740312,0.2264275,0,-0.2264275,-0.9740312,0,0,0,1,455.4182,659.3512,2.889062</point>
  <point>-0.6436281,0.7653785,0,-0.7653785,-0.6436281,0,0,0,1,466.3842,690.7131,6.4135</point>
  <point>-0.6436281,0.7653785,0,-0.7653785,-0.6436281,0,0,0,1,467.7326,689.1844,6.413502</point>
  <point>-0.7098143,0.7044324,0,-0.7044324,-0.7098143,0,0,0,1,469.4631,687.4494,6.413502</point>
  <point>-0.7098143,0.7044324,0,-0.7044324,-0.7098143,0,0,0,1,471.444,685.8691,6.412501</point>
  <point>-0.7098143,0.7044324,0,-0.7044324,-0.7098143,0,0,0,1,473.324,684.1379,6.412502</point>
  <point>-0.7702549,0.6377842,0,-0.6377842,-0.7702549,0,0,0,1,474.9986,682.8038,6.4125</point>
  <point>-0.7702549,0.6377842,0,-0.6377842,-0.7702549,0,0,0,1,477.0598,681.3987,6.4125</point>
  <point>0.02079548,0.9998149,0,-0.9998149,0.02079548,0,0,0,1,526.6541,633.0275,4.110939</point>
  <point>0.02079548,0.9998149,0,-0.9998149,0.02079548,0,0,0,1,526.4747,634.6191,4.050004</point>
  <point>-0.8569157,0.5155175,0,-0.5155175,-0.8569157,0,0,0,1,519.9564,633.5072,2.100445</point>
  <point>-0.8569157,0.5155175,0,-0.5155175,-0.8569157,0,0,0,1,516.8614,634.7261,2.091218</point>
  <point>-0.8071135,0.5904494,0,-0.5904494,-0.8071135,0,0,0,1,513.3003,636.7402,2.072363</point>
  <point>-0.8410668,0.5409891,0,-0.5409891,-0.8410668,0,0,0,1,515.6075,635.3748,2.103212</point>
  <point>-0.6883658,0.7254071,0,-0.7254071,-0.6883658,0,0,0,1,511.0966,638.6993,2.124663</point>
  <point>-0.6203813,0.7843404,0,-0.7843404,-0.6203813,0,0,0,1,509.0524,641.1744,2.130922</point>
  <point>-0.4432486,0.8964339,0,-0.8964339,-0.4432486,0,0,0,1,507.3434,644.1839,2.134583</point>
  <point>-0.4432486,0.8964339,0,-0.8964339,-0.4432486,0,0,0,1,506.1293,647.1697,2.10832</point>
  <point>-0.9841589,-0.1774682,0,0.1774682,-0.9841589,0,0,0,1,518.2698,675.3232,6.437501</point>
  <point>-0.9961265,-0.08829513,0,0.08829513,-0.9961265,0,0,0,1,514.7686,674.5815,6.4375</point>
  <point>-0.9930302,-0.1181347,0,0.1181347,-0.9930302,0,0,0,1,512.5415,674.0942,6.4375</point>
  <point>-0.9930302,-0.1181347,0,0.1181347,-0.9930302,0,0,0,1,510.3296,673.659,6.4375</point>
</points>