<?xml version="1.0" encoding="UTF-8"?>
<points>
  <point>-0.4893895,-0.8720669,0,0.8720669,-0.4893895,0,0,0,1,677.8418,931.784,122.4111</point>
  <point>-0.9612569,-0.2757989,0,0.2757989,-0.9612569,0,0,0,1,642.6591,959.6119,121.471</point>
  <point>-0.7135854,-0.70061,0,0.70061,-0.7135854,0,0,0,1,659.7139,963.6833,127.5662</point>
  <point>-0.4090429,-0.9125586,0,0.9125586,-0.4090429,0,0,0,1,645.0241,961.8806,121.471</point>
  <point>0.5880279,-0.8088529,0,0.8088529,0.5880279,0,0,0,1,643.6204,900.1125,124.1501</point>
  <point>-0.8058146,0.5922061,0,-0.5922061,-0.8058146,0,0,0,1,667.9323,928.8176,111.9322</point>
  <point>-0.2803933,-0.9598852,0,0.9598852,-0.2803933,0,0,0,1,644.74,894.091,108.247</point>
  <point>-0.1693841,0.9855539,0,-0.9855539,-0.1693841,0,0,0,1,664.8199,955.0118,123.3623</point>
  <point>-0.6826603,-0.7307484,0,0.7307484,-0.6826603,0,0,0,1,641.5081,890.7352,124.1501</point>
  <point>-0.1099815,0.9939375,0,-0.9939375,-0.1099815,0,0,0,1,664.3837,958.2203,123.7832</point>
  <point>-0.3535753,-0.9354115,0,0.9354115,-0.3535753,0,0,0,1,638.2886,955.6071,119.9624</point>
  <point>-0.6922398,-0.7216879,0,0.7216879,-0.6922398,0,0,0,1,612.7812,892.6284,113.5505</point>
  <point>-0.6744673,0.7383597,0,-0.7383597,-0.6744673,0,0,0,1,654.1957,963.5271,121.471</point>
  <point>-0.8024496,-0.5967201,0,0.5967201,-0.8024496,0,0,0,1,706.006,937.9079,119.6534</point>
  <point>-0.9212923,-0.3888727,0,0.3888727,-0.9212923,0,0,0,1,698.2772,936.0697,119.6765</point>
  <point>-0.1693841,0.9855539,0,-0.9855539,-0.1693841,0,0,0,1,665.888,948.9422,122.7146</point>
  <point>-0.9950641,-0.09924377,0,0.09924377,-0.9950641,0,0,0,1,684.8239,932.9391,119.7342</point>
  <point>-0.7652249,-0.6437654,0,0.6437654,-0.7652249,0,0,0,1,676.0641,929.3795,122.4111</point>
  <point>-0.1693841,0.9855539,0,-0.9855539,-0.1693841,0,0,0,1,664.5356,957.0171,123.6324</point>
  <point>-0.9950641,-0.09924377,0,0.09924377,-0.9950641,0,0,0,1,682.9854,932.8575,119.7327</point>
  <point>-0.8274773,-0.5615304,0,0.5615304,-0.8274773,0,0,0,1,642.6529,890.9401,113.6761</point>
  <point>-0.2807532,-0.9597976,0,0.9597976,-0.2807532,0,0,0,1,645.0233,894.0941,117.9964</point>
  <point>-0.139752,0.9902259,0,-0.9902259,-0.139752,0,0,0,1,651.8471,971.3153,117.6913</point>
  <point>-0.6826603,-0.7307484,0,0.7307484,-0.6826603,0,0,0,1,644.8051,894.4384,124.1501</point>
  <point>-0.9956222,0.09364159,0,-0.09364159,-0.9956222,0,0,0,1,625.4689,890.4388,113.3996</point>
  <point>-0.1693841,0.9855539,0,-0.9855539,-0.1693841,0,0,0,1,665.4791,951.0157,122.8182</point>
  <point>-1.000009,0.003777526,0,-0.003777526,-1.000009,0,0,0,1,627.2737,890.3364,113.3907</point>
  <point>-0.9662393,0.2576534,0,-0.2576534,-0.9662393,0,0,0,1,670.4247,927.8164,122.4111</point>
  <point>-0.8469752,0.5317079,0,-0.5317079,-0.8469752,0,0,0,1,639.0468,959.8278,121.471</point>
  <point>-0.1693838,0.9855526,0,-0.9855526,-0.1693838,0,0,0,1,665.7919,933.2938,122.4094</point>
  <point>-0.966238,0.2576534,0,-0.2576534,-0.966238,0,0,0,1,704.3531,939.0767,119.5775</point>
  <point>-0.9212923,-0.3888727,0,0.3888727,-0.9212923,0,0,0,1,700.2541,936.8519,119.6769</point>
  <point>0.9859883,0.1670355,0,-0.1670355,0.9859883,0,0,0,1,650.8336,968.9313,127.6172</point>
  <point>-0.2098189,-0.9777457,0,0.9777457,-0.2098189,0,0,0,1,637.3495,952.4448,119.9622</point>
  <point>-0.228177,0.9736234,0,-0.9736234,-0.228177,0,0,0,1,666.4315,945.9739,122.7182</point>
  <point>-0.8913015,0.4534152,0,-0.4534152,-0.8913015,0,0,0,1,668.9407,928.4507,122.4111</point>
  <point>0.4337189,-0.9010591,0,0.9010591,0.4337189,0,0,0,1,644.637,898.3162,124.1501</point>
  <point>-0.9627844,0.270377,0,-0.270377,-0.9627844,0,0,0,1,656.4872,962.7432,127.5774</point>
  <point>0.7634404,-0.6458939,0,0.6458939,0.7634404,0,0,0,1,642.8508,900.9789,124.1501</point>
  <point>-0.4480541,-0.894039,0,0.894039,-0.4480541,0,0,0,1,660.5882,964.9218,127.5515</point>
  <point>0.188659,0.9820452,0,-0.9820452,0.188659,0,0,0,1,665.8331,934.3364,122.4083</point>
  <point>0.5225147,0.8526337,0,-0.8526337,0.5225147,0,0,0,1,666.8413,937.1553,122.4111</point>
  <point>0.2941949,-0.9557515,0,0.9557515,0.2941949,0,0,0,1,637.9733,942.2103,119.646</point>
  <point>-0.9950447,0.09942804,0,-0.09942804,-0.9950447,0,0,0,1,639.087,889.94,108.249</point>
  <point>-0.001388641,-1.000005,0,1.000005,-0.001388641,0,0,0,1,637.0932,946.317,119.9555</point>
  <point>0.908062,-0.4188602,0,0.4188602,0.908062,0,0,0,1,641.5296,901.875,124.1501</point>
  <point>-0.1859379,0.9825982,0,-0.9825982,-0.1859379,0,0,0,1,650.957,971.3917,127.6161</point>
  <point>-0.8024496,-0.5967201,0,0.5967201,-0.8024496,0,0,0,1,710.0352,940.6352,119.6534</point>
  <point>-0.923481,0.3836856,0,-0.3836856,-0.923481,0,0,0,1,618.0821,892.7529,113.399</point>
  <point>0.1776723,-0.984134,0,0.984134,0.1776723,0,0,0,1,593.3527,968.1882,127.3586</point>
  <point>0.5635214,-0.8261539,0,0.8261539,0.5635214,0,0,0,1,596.7781,969.3218,127.356</point>
  <point>-0.1210945,-0.9926843,0,0.9926843,-0.1210945,0,0,0,1,604.5331,968.1782,127.2557</point>
  <point>0.4337348,-0.9010887,0,0.9010887,0.4337348,0,0,0,1,597.5748,968.177,127.375</point>
  <point>-0.23906,-0.9710489,0,0.9710489,-0.23906,0,0,0,1,610.2773,965.1345,127.2285</point>
  <point>-0.3147749,0.9492098,0,-0.9492098,-0.3147749,0,0,0,1,720.7006,998.1962,127.6141</point>
  <point>-0.3147749,0.9492098,0,-0.9492098,-0.3147749,0,0,0,1,720.777,996.3167,127.6145</point>
  <point>-0.3147749,0.9492098,0,-0.9492098,-0.3147749,0,0,0,1,718.243,996.3315,127.6384</point>
  <point>-0.3147749,0.9492098,0,-0.9492098,-0.3147749,0,0,0,1,718.7816,994.6986,127.7098</point>
  <point>-0.9045367,0.4264911,0,-0.4264911,-0.9045367,0,0,0,1,650.5515,997.1718,118.7902</point>
  <point>-0.9045367,0.4264911,0,-0.4264911,-0.9045367,0,0,0,1,651.967,996.8176,118.9069</point>
  <point>-0.9045367,0.4264911,0,-0.4264911,-0.9045367,0,0,0,1,653.5949,996.2878,119.2592</point>
  <point>-0.9045367,0.4264911,0,-0.4264911,-0.9045367,0,0,0,1,655.8624,995.0035,119.1537</point>
  <point>-0.9045367,0.4264911,0,-0.4264911,-0.9045367,0,0,0,1,653.1667,995.0397,119.4541</point>
  <point>-0.9045367,0.4264911,0,-0.4264911,-0.9045367,0,0,0,1,654.4555,994.1265,119.2009</point>
  <point>-0.9045367,0.4264911,0,-0.4264911,-0.9045367,0,0,0,1,655.4447,990.2988,117.6192</point>
  <point>-0.9045367,0.4264911,0,-0.4264911,-0.9045367,0,0,0,1,649.3022,993.2601,117.2835</point>
  <point>-0.9045367,0.4264911,0,-0.4264911,-0.9045367,0,0,0,1,651.6677,992.0276,117.8355</point>
  <point>-0.9045367,0.4264911,0,-0.4264911,-0.9045367,0,0,0,1,653.2955,991.4305,117.9303</point>
  <point>-0.8306457,0.5568743,0,-0.5568743,-0.8306457,0,0,0,1,656.8928,992.8983,118.7593</point>
  <point>-0.9760637,-0.2176613,0,0.2176613,-0.9760637,0,0,0,1,647.0017,972.0731,127.6543</point>
  <point>-0.9760637,-0.2176613,0,0.2176613,-0.9760637,0,0,0,1,648.4567,972.3044,127.6544</point>
  <point>-0.9760637,-0.2176613,0,0.2176613,-0.9760637,0,0,0,1,649.9537,972.3522,127.6163</point>
  <point>0.1480717,-0.9890147,0,0.9890147,0.1480717,0,0,0,1,645.177,970.321,127.6161</point>
  <point>0.1480717,-0.9890147,0,0.9890147,0.1480717,0,0,0,1,645.3716,969.297,127.6168</point>
  <point>0.9859883,0.1670355,0,-0.1670355,0.9859883,0,0,0,1,646.0149,968.2177,127.6172</point>
  <point>0.9859883,0.1670355,0,-0.1670355,0.9859883,0,0,0,1,647.2234,968.454,127.6172</point>
  <point>-0.9994647,0.03377167,0,-0.03377167,-0.9994647,0,0,0,1,640.9624,962.41,133.7955</point>
  <point>-0.8439624,-0.536467,0,0.536467,-0.8439624,0,0,0,1,642.547,962.7889,133.7955</point>
  <point>-0.9893625,-0.1457076,0,0.1457076,-0.9893625,0,0,0,1,645.0429,964.7892,133.7955</point>
  <point>0.1052351,-0.9944813,0,0.9944813,0.1052351,0,0,0,1,658.0802,969.4038,133.7955</point>
  <point>-0.9021133,-0.4315759,0,0.4315759,-0.9021133,0,0,0,1,657.861,965.5392,133.7955</point>
  <point>-0.337806,-0.9412506,0,0.9412506,-0.337806,0,0,0,1,658.5439,966.2924,133.7955</point>
  <point>-0.93459,0.3558179,0,-0.3558179,-0.93459,0,0,0,1,656.3011,965.2222,133.7955</point>
  <point>-0.9845445,-0.1753183,0,0.1753183,-0.9845445,0,0,0,1,653.2202,966.2124,133.7955</point>
  <point>-0.9845445,-0.1753183,0,0.1753183,-0.9845445,0,0,0,1,646.8339,965.1082,133.7944</point>
  <point>-0.9845445,-0.1753183,0,0.1753183,-0.9845445,0,0,0,1,651.4481,965.8774,133.7943</point>
  <point>-0.9845445,-0.1753183,0,0.1753183,-0.9845445,0,0,0,1,650.1846,965.6741,133.7945</point>
  <point>-0.9845445,-0.1753183,0,0.1753183,-0.9845445,0,0,0,1,648.2493,965.3458,133.7945</point>
  <point>-0.9234961,0.3836909,0,-0.3836909,-0.9234961,0,0,0,1,603.63,959.1395,127.3655</point>
  <point>-0.9627872,0.2703779,0,-0.2703779,-0.9627872,0,0,0,1,607.0565,958.1298,127.3599</point>
  <point>-1.000024,0.003776759,0,-0.003776759,-1.000024,0,0,0,1,610.0187,957.8773,127.345</point>
  <point>-0.978842,-0.2047712,0,0.2047712,-0.978842,0,0,0,1,613.2544,958.2005,127.3441</point>
  <point>-0.8746093,-0.4848928,0,0.4848928,-0.8746093,0,0,0,1,615.9641,958.8933,127.4092</point>
  <point>-0.9372497,-0.348748,0,0.348748,-0.9372497,0,0,0,1,618.7574,960.2941,127.4279</point>
  <point>-0.9372497,-0.348748,0,0.348748,-0.9372497,0,0,0,1,626.0566,954.0305,127.4641</point>
  <point>-0.9372497,-0.348748,0,0.348748,-0.9372497,0,0,0,1,629.0349,954.9865,127.4666</point>
  <point>-0.3306861,0.943773,0,-0.943773,-0.3306861,0,0,0,1,636.9456,964.1111,127.5252</point>
  <point>-0.7082739,0.7059805,0,-0.7059805,-0.7082739,0,0,0,1,638.6599,960.657,127.5561</point>
  <point>-0.9115698,0.4112183,0,-0.4112183,-0.9115698,0,0,0,1,639.814,959.9688,127.5675</point>
  <point>-0.9564725,-0.2919181,0,0.2919181,-0.9564725,0,0,0,1,668.2095,966.1603,124.2145</point>
  <point>-0.9564725,-0.2919181,0,0.2919181,-0.9564725,0,0,0,1,670.6112,966.2548,123.891</point>
  <point>-0.9564725,-0.2919181,0,0.2919181,-0.9564725,0,0,0,1,673.7057,966.376,123.4857</point>
  <point>-0.9564725,-0.2919181,0,0.2919181,-0.9564725,0,0,0,1,677.1639,966.6204,123.0021</point>
  <point>-0.9564725,-0.2919181,0,0.2919181,-0.9564725,0,0,0,1,681.0435,967.1014,122.6071</point>
  <point>-0.9564725,-0.2919181,0,0.2919181,-0.9564725,0,0,0,1,683.525,967.64,122.6139</point>
  <point>-0.9564725,-0.2919181,0,0.2919181,-0.9564725,0,0,0,1,686.1141,968.1731,122.6141</point>
  <point>0.1052346,-0.9944753,0,0.9944753,0.1052346,0,0,0,1,674.1145,932.9763,122.4111</point>
  <point>0.1052346,-0.9944753,0,0.9944753,0.1052346,0,0,0,1,674.2072,934.7843,122.4111</point>
  <point>0.8107688,-0.5854127,0,0.5854127,0.8107688,0,0,0,1,676.1151,938.4776,122.4111</point>
  <point>0.3666795,-0.9303759,0,0.9303759,0.3666795,0,0,0,1,677.6785,936.1702,122.4111</point>
  <point>-1.000019,0.003776744,0,-0.003776744,-1.000019,0,0,0,1,664.5042,968.4048,127.5269</point>
  <point>-1.000019,0.003776744,0,-0.003776744,-1.000019,0,0,0,1,668.1533,968.3948,127.5318</point>
  <point>-0.999682,-0.02622103,0,0.02622103,-0.999682,0,0,0,1,670.81,968.4296,127.5342</point>
  <point>-0.9932793,-0.1159649,0,0.1159649,-0.9932793,0,0,0,1,672.0305,968.5176,127.5338</point>
  <point>-0.9932793,-0.1159649,0,0.1159649,-0.9932793,0,0,0,1,674.0798,968.6323,127.5362</point>
  <point>-0.9845381,-0.1753172,0,0.1753172,-0.9845381,0,0,0,1,676.748,968.9296,127.5524</point>
  <point>-0.9845381,-0.1753172,0,0.1753172,-0.9845381,0,0,0,1,677.6563,969.0945,127.5544</point>
  <point>-0.9845381,-0.1753172,0,0.1753172,-0.9845381,0,0,0,1,679.7353,969.4387,127.5561</point>
  <point>-0.9845381,-0.1753172,0,0.1753172,-0.9845381,0,0,0,1,680.8219,969.5889,127.5583</point>
  <point>-0.9845381,-0.1753172,0,0.1753172,-0.9845381,0,0,0,1,682.9877,970.0293,127.5592</point>
  <point>-0.9647961,-0.2630965,0,0.2630965,-0.9647961,0,0,0,1,684.1541,970.3105,127.559</point>
  <point>-0.9647961,-0.2630965,0,0.2630965,-0.9647961,0,0,0,1,686.4017,971.6426,127.5372</point>
  <point>-0.8102673,-0.5861037,0,0.5861037,-0.8102673,0,0,0,1,704.3214,980.7076,127.5597</point>
  <point>-0.7736641,-0.6336359,0,0.6336359,-0.7736641,0,0,0,1,701.6467,978.5982,127.5586</point>
  <point>-0.9263617,-0.376702,0,0.376702,-0.9263617,0,0,0,1,691.8094,964.6648,127.5186</point>
  <point>-0.9263617,-0.376702,0,0.376702,-0.9263617,0,0,0,1,692.92,965.0355,127.5102</point>
  <point>-0.9263617,-0.376702,0,0.376702,-0.9263617,0,0,0,1,695.1744,965.9066,127.5167</point>
  <point>-0.6477249,-0.7619072,0,0.7619072,-0.6477249,0,0,0,1,722.5731,958.6784,120.7549</point>
  <point>-0.6477249,-0.7619072,0,0.7619072,-0.6477249,0,0,0,1,720.6261,955.9805,120.3248</point>
  <point>-0.8398772,0.542821,0,-0.542821,-0.8398772,0,0,0,1,725.3233,959.8527,121.495</point>
  <point>-0.6922455,-0.7216948,0,0.7216948,-0.6922455,0,0,0,1,718.6725,953.4559,119.9075</point>
  <point>-0.6922455,-0.7216948,0,0.7216948,-0.6922455,0,0,0,1,716.8638,950.8361,119.4812</point>
  <point>-0.7736629,-0.6336345,0,0.6336345,-0.7736629,0,0,0,1,714.6929,948.6914,119.3377</point>
  <point>-0.9448321,0.3276212,0,-0.3276212,-0.9448321,0,0,0,1,630.334,946.6223,119.8682</point>
  <point>-0.9448321,0.3276212,0,-0.3276212,-0.9448321,0,0,0,1,632.6948,945.723,119.8316</point>
  <point>-0.9704543,0.2413751,0,-0.2413751,-0.9704543,0,0,0,1,634.4653,945.1736,119.9544</point>
  <point>-0.9234865,0.3836874,0,-0.3836874,-0.9234865,0,0,0,1,637.1788,944.3521,119.9354</point>
  <point>-0.6008697,-0.7993721,0,0.7993721,-0.6008697,0,0,0,1,604.6301,902.9754,114.2744</point>
  <point>-0.6922432,-0.721692,0,0.721692,-0.6922432,0,0,0,1,605.7675,904.4344,114.2948</point>
  <point>-0.6419473,0.7667742,0,-0.7667742,-0.6419473,0,0,0,1,640.7466,918.9798,113.3487</point>
  <point>-0.6419473,0.7667742,0,-0.7667742,-0.6419473,0,0,0,1,642.3723,916.842,113.3817</point>
  <point>-0.6419473,0.7667742,0,-0.7667742,-0.6419473,0,0,0,1,643.9522,914.5182,113.3857</point>
  <point>-0.8274782,-0.5615312,0,0.5615312,-0.8274782,0,0,0,1,642.739,890.8209,104.4091</point>
  <point>0.1127426,0.9936379,0,-0.9936379,0.1127426,0,0,0,1,632.7554,896.4846,124.1472</point>
  <point>-0.2734928,0.9618879,0,-0.9618879,-0.2734928,0,0,0,1,632.7552,895.3268,124.1485</point>
  <point>-0.2734927,0.9618876,0,-0.9618876,-0.2734927,0,0,0,1,633.3318,893.6561,124.1501</point>
  <point>-0.6419427,0.7667693,0,-0.7667693,-0.6419427,0,0,0,1,633.9056,892.6666,124.1501</point>
  <point>-0.7688454,0.6394542,0,-0.6394542,-0.7688454,0,0,0,1,635.0212,891.2814,124.1501</point>
  <point>-0.9234776,0.3836846,0,-0.3836846,-0.9234776,0,0,0,1,635.9315,890.6976,124.1501</point>
  <point>-0.9882116,0.1531744,0,-0.1531744,-0.9882116,0,0,0,1,637.4885,890.0877,124.1501</point>
  <point>-0.9932657,-0.115962,0,0.115962,-0.9932657,0,0,0,1,638.8066,889.9721,124.1501</point>
  <point>0.9859623,0.1670302,0,-0.1670302,0.9859623,0,0,0,1,637.9603,902.298,124.1501</point>
  <point>0.994794,-0.1020083,0,0.1020083,0.994794,0,0,0,1,640.3249,902.1931,124.1501</point>
  <point>-0.745576,-0.6664342,0,0.6664342,-0.745576,0,0,0,1,647.2934,901.2651,113.5616</point>
  <point>-0.6142188,-0.7891472,0,0.7891472,-0.6142188,0,0,0,1,649.4702,903.3836,113.5651</point>
  <point>-0.6142188,-0.7891472,0,0.7891472,-0.6142188,0,0,0,1,650.121,904.2864,113.5672</point>
  <point>-0.4893932,-0.8720737,0,0.8720737,-0.4893932,0,0,0,1,651.3411,905.9497,113.5699</point>
  <point>-0.4893932,-0.8720738,0,0.8720738,-0.4893932,0,0,0,1,651.9233,907.0872,113.569</point>
  <point>-0.2098198,-0.9777494,0,0.9777494,-0.2098198,0,0,0,1,653.0801,909.7012,113.5483</point>
  <point>-0.1210919,-0.9926504,0,0.9926504,-0.1210919,0,0,0,1,653.4571,911.7789,113.5614</point>
  <point>-0.1210919,-0.9926504,0,0.9926504,-0.1210919,0,0,0,1,653.6939,913.0411,113.5643</point>
  <point>0.1480662,-0.9889866,0,0.9889866,0.1480662,0,0,0,1,653.7561,914.8861,113.5652</point>
  <point>-0.8199944,-0.5723869,0,0.5723869,-0.8199944,0,0,0,1,653.2683,918.5096,116.4777</point>
  <point>0.5635003,-0.8261256,0,0.8261256,0.5635003,0,0,0,1,655.3572,921.311,116.5083</point>
  <point>0.5635003,-0.8261256,0,0.8261256,0.5635003,0,0,0,1,654.3033,923.1227,116.5184</point>
  <point>0.5635003,-0.8261256,0,0.8261256,0.5635003,0,0,0,1,653.7573,923.9728,116.5197</point>
  <point>0.905687,0.4239646,0,-0.4239646,0.905687,0,0,0,1,652.7043,924.7646,116.4989</point>
  <point>0.6354697,-0.7721344,0,0.7721344,0.6354697,0,0,0,1,647.8599,925.5811,116.9478</point>
  <point>0.6354697,-0.7721344,0,0.7721344,0.6354697,0,0,0,1,647.0427,926.3973,117.1011</point>
  <point>0.6354697,-0.7721344,0,0.7721344,0.6354697,0,0,0,1,645.8278,927.7822,117.3425</point>
  <point>0.6354696,-0.7721343,0,0.7721343,0.6354696,0,0,0,1,645.0302,928.7525,117.5093</point>
  <point>0.6120231,-0.7908481,0,0.7908481,0.6120231,0,0,0,1,643.7219,930.386,117.7828</point>
  <point>0.4869679,-0.873427,0,0.873427,0.4869679,0,0,0,1,642.9611,931.4187,117.9498</point>
  <point>0.4064944,-0.9136598,0,0.9136598,0.4064944,0,0,0,1,640.8137,935.1791,118.6489</point>
  <point>-0.9525149,-0.3044944,0,0.3044944,-0.9525149,0,0,0,1,691.0213,933.9911,119.7372</point>
  <point>-0.79232,-0.6101419,0,0.6101419,-0.79232,0,0,0,1,675.5578,928.457,111.9398</point>
  <point>-0.9525149,-0.3044944,0,0.3044944,-0.9525149,0,0,0,1,695.3316,935.2319,119.6724</point>
  <point>-0.001388641,-1.000005,0,1.000005,-0.001388641,0,0,0,1,637.0032,947.4026,119.9577</point>
  <point>-0.9525149,-0.3044944,0,0.3044944,-0.9525149,0,0,0,1,701.3617,937.3466,119.6759</point>
  <point>0.9859883,0.1670355,0,-0.1670355,0.9859883,0,0,0,1,648.5499,968.5854,127.6172</point>
  <point>-0.8232116,0.5677665,0,-0.5677665,-0.8232116,0,0,0,1,635.075,890.8788,113.6749</point>
  <point>-0.9788402,-0.2047708,0,0.2047708,-0.9788402,0,0,0,1,641.9572,959.8353,127.5708</point>
  <point>0.166024,-0.9861217,0,0.9861217,0.166024,0,0,0,1,644.546,970.034,117.691</point>
  <point>-0.6142142,-0.7891411,0,0.7891411,-0.6142142,0,0,0,1,676.8406,930.2231,122.4111</point>
  <point>-0.8398696,0.5428169,0,-0.5428169,-0.8398696,0,0,0,1,616.6403,893.579,113.398</point>
  <point>-0.9967945,0.08050667,0,-0.08050667,-0.9967945,0,0,0,1,657.3103,962.3123,121.471</point>
  <point>-0.9821169,-0.188277,0,0.188277,-0.9821169,0,0,0,1,686.0247,933.1168,119.7365</point>
  <point>0.2941949,-0.9557515,0,0.9557515,0.2941949,0,0,0,1,638.4114,940.9517,119.4726</point>
  <point>-0.9984362,-0.05619381,0,0.05619381,-0.9984362,0,0,0,1,638.8176,889.7397,117.9965</point>
  <point>0.1776649,-0.9841008,0,0.9841008,0.1776649,0,0,0,1,645.0742,896.9658,124.1501</point>
  <point>-0.09126197,-0.9958323,0,0.9958323,-0.09126197,0,0,0,1,637.1041,950.4442,119.9616</point>
  <point>-0.1693841,0.9855539,0,-0.9855539,-0.1693841,0,0,0,1,665.3403,951.9738,122.9498</point>
  <point>-0.05018312,0.998744,0,-0.998744,-0.05018312,0,0,0,1,664.2496,960.2872,124.5079</point>
  <point>-0.7455695,-0.666428,0,0.666428,-0.7455695,0,0,0,1,712.2873,946.6376,119.3339</point>
  <point>-0.995629,0.09364185,0,-0.09364185,-0.995629,0,0,0,1,671.6962,927.4233,116.2591</point>
  <point>-0.3147612,0.9491743,0,-0.9491743,-0.3147612,0,0,0,1,667.6458,941.5921,122.7222</point>
  <point>-0.3430902,0.9393048,0,-0.9393048,-0.3430902,0,0,0,1,666.274,931.4893,122.4111</point>
  <point>-0.06135042,-0.9981217,0,0.9981217,-0.06135042,0,0,0,1,637.0035,949.1821,119.9591</point>
  <point>-0.1859379,0.9825982,0,-0.9825982,-0.1859379,0,0,0,1,651.1856,970.0388,127.617</point>
  <point>-0.228177,0.9736234,0,-0.9736234,-0.228177,0,0,0,1,666.0446,947.8217,122.717</point>
  <point>-0.5565317,0.8308288,0,-0.8308288,-0.5565317,0,0,0,1,666.7936,930.4626,122.4111</point>
  <point>-0.8274866,-0.561538,0,0.561538,-0.8274866,0,0,0,1,643.24,960.3516,127.5725</point>
  <point>-0.228177,0.9736234,0,-0.9736234,-0.228177,0,0,0,1,666.7395,944.8647,122.7204</point>
  <point>-0.9788273,-0.2047672,0,0.2047672,-0.9788273,0,0,0,1,631.7283,890.7819,113.3837</point>
  <point>-1.000009,0.003777526,0,-0.003777526,-1.000009,0,0,0,1,628.5381,890.3355,113.3866</point>
  <point>-0.9845414,-0.1753178,0,0.1753178,-0.9845414,0,0,0,1,657.9078,962.7532,127.5739</point>
  <point>-0.9963013,-0.08611712,0,0.08611712,-0.9963013,0,0,0,1,630.3382,890.5677,113.3838</point>
  <point>0.3332956,0.9428251,0,-0.9428251,0.3332956,0,0,0,1,666.2807,936.1414,122.4104</point>
  <point>-0.9950641,-0.09924377,0,0.09924377,-0.9950641,0,0,0,1,681.3096,932.6221,120.2596</point>
  <point>-0.8826129,-0.4701039,0,0.4701039,-0.8826129,0,0,0,1,674.6698,928.4016,122.4111</point>
  <point>-0.2390524,-0.971012,0,0.971012,-0.2390524,0,0,0,1,637.6693,953.7491,119.962</point>
  <point>-0.9821169,-0.188277,0,0.188277,-0.9821169,0,0,0,1,688.0124,933.3844,119.738</point>
  <point>-0.228177,0.9736234,0,-0.9736234,-0.228177,0,0,0,1,667.3096,942.8059,122.7218</point>
  <point>-0.1693841,0.9855539,0,-0.9855539,-0.1693841,0,0,0,1,664.9615,953.9903,123.2266</point>
  <point>0.2815711,-0.9595582,0,0.9595582,0.2815711,0,0,0,1,645.2211,898.0631,113.6821</point>
  <point>-0.9916394,-0.1290466,0,0.1290466,-0.9916394,0,0,0,1,689.3781,933.7565,119.736</point>
  <point>-0.05018312,0.998744,0,-0.998744,-0.05018312,0,0,0,1,664.2446,961.2511,124.5152</point>
  <point>0.3509762,-0.9363907,0,0.9363907,0.3509762,0,0,0,1,639.5707,937.8846,119.0411</point>
  <point>0.3509762,-0.9363907,0,0.9363907,0.3509762,0,0,0,1,639.1132,939.0398,119.2061</point>
  <point>-0.9212923,-0.3888727,0,0.3888727,-0.9212923,0,0,0,1,697.1487,935.7534,119.6741</point>
  <point>-0.7579771,0.6522841,0,-0.6522841,-0.7579771,0,0,0,1,667.9764,929.0829,122.4111</point>
  <point>0.4064944,-0.9136598,0,0.9136598,0.4064944,0,0,0,1,640.3692,936.1277,118.7883</point>
  <point>0.9859883,0.1670355,0,-0.1670355,0.9859883,0,0,0,1,649.654,968.7541,127.6172</point>
</points>